orientationRrFoot,orientationRpFoot,orientationRyFoot,orientationLrFoot,orientationLpFoot,orientationLyFoot,orientationRrShank,orientationRpShank,orientationRyShank,orientationLrShank,orientationLpShank,orientationLyShank,orientationRrThigh,orientationRpThigh,orientationRyThigh,orientationLrThigh,orientationLpThigh,orientationLyThigh
-179.993584345607,-0.0183400057164893,-155,-179.978466097625,0.0374611154555838,155,179.765849179779,0.0384403672147721,-155,179.819084570877,0.0767751232963847,155,179.803711825351,0.0500465697874857,-155,179.796187332934,0.0694039364045977,155
-179.993579102331,-0.0183999544821748,-154.999998007749,-179.978476646446,0.0374395555205874,154.999977024438,179.766073857529,0.0382938456918284,-155.000121886339,179.819154459252,0.0767925647800948,154.999814823725,179.804033135431,0.0499975072633136,-155.000209138105,179.796513737376,0.0692751672853499,154.999693180535
-179.993561065892,-0.0184969290921755,-154.99999318685,-179.978489665154,0.0374213115627186,154.999946433112,179.766627944702,0.0379380870393989,-155.000421267034,179.819320339734,0.0769049207292533,154.999450887924,179.804735098948,0.0498635179889458,-155.000658657618,179.797324693819,0.0689889136239238,154.998986386239
-179.993523068134,-0.0186099718134758,-154.999989354023,-179.978484617184,0.0374417789729571,154.999929838237,179.767640410131,0.0373414617801933,-155.00096443241,179.819595769917,0.0771905180480428,154.998959201304,179.805850169122,0.0496035583005999,-155.001302524043,179.798786968093,0.0685209072438724,154.99785634152
-179.993474172774,-0.0187105602315491,-155.000003476865,-179.97844076446,0.0375223342574665,154.999924590504,179.76924263557,0.0365389185634208,-155.001790061634,179.819987764026,0.0776759174288561,154.998425152509,179.807380965069,0.0491950789172426,-155.002024342724,179.801018215564,0.0678351360698502,154.996393152599
-179.993437967274,-0.018765620419436,-155.000057372847,-179.978347842135,0.0376703588391636,154.999923613363,179.77153558579,0.0356012220142186,-155.002919106974,179.820507471734,0.0783518419674989,154.997943703401,179.8093258368,0.048630001321135,-155.002774767033,179.804094732566,0.0669344652846224,154.994723086115
-179.993445348511,-0.0187693934453873,-155.000161818254,-179.978197049092,0.0378847190712664,154.999930735206,179.774528042152,0.0346006759589417,-155.00441527427,179.82117822894,0.0792193443107736,154.997599984563,179.811679832883,0.0479018749678589,-155.003656638624,179.808028997814,0.0659217402750594,154.992972460876
-179.993519713319,-0.0187348395201469,-155.000314101939,-179.977983440108,0.0381517956321753,154.999962706694,179.778148491238,0.0335755026058072,-155.006415902539,179.822055380052,0.0803012999992122,154.997426661478,179.814435626395,0.0470150717260945,-155.004896357634,179.812770128127,0.0649309177197087,154.99125915787
-179.993672345256,-0.0186638849924884,-155.000501264327,-179.977710901405,0.0384484693014576,155.000040960068,179.782303726631,0.0325274831908964,-155.009053316647,179.823235745339,0.0815613380134166,154.997359119861,179.817593759676,0.0460011756850544,-155.006727401045,179.81822574717,0.0640787673911669,154.989672279524
-179.993912876154,-0.0185593891105284,-155.000702903475,-179.977384777436,0.0387592386301696,155.00015700388,179.786891620243,0.0314450896278163,-155.012300209884,179.82482137846,0.0828530694767587,154.997231515303,179.821156204892,0.0449026835553118,-155.009248386126,179.824274532765,0.0634940242510347,154.988229096162
-179.994237602421,-0.0184462296097653,-155.000898249114,-179.977015938947,0.0390744061088547,155.00028907473,179.791792369075,0.030311946403045,-155.015917940008,179.82687764942,0.0839927508507794,154.996837570042,179.825093183468,0.0437599901183294,-155.012366268953,179.830781422877,0.0632807043186266,154.986839028761
-179.994617259616,-0.0183637978863852,-155.001071588736,-179.976617194873,0.0393838388694128,155.000424691427,179.796904494514,0.0291223313518972,-155.019555727087,179.829435201734,0.0848256325024391,154.99602295508,179.829342118298,0.0426152238591307,-155.015858972241,179.8376191757,0.0634676102289447,154.985369414909
-179.995019478432,-0.0183460431058625,-155.001206881324,-179.976199643407,0.0396883418010658,155.000554186996,179.802190588842,0.0279253971713988,-155.02288265211,179.832501940034,0.0852617998170112,154.994759171707,179.833831291852,0.0415103273784335,-155.01946491646,179.844660462047,0.0640355018741063,154.983759554865
-179.995427414068,-0.0184093697257032,-155.001293028389,-179.975778078349,0.0399938979989696,155.000665658198,179.807677514708,0.026829203852571,-155.025693505711,179.836063481623,0.0853108446801435,154.993156309664,179.838488860832,0.0404808546369178,-155.022975502552,179.851753011181,0.0649728988894281,154.982076018765
-179.995829465741,-0.0185530363471085,-155.001332448384,-179.975361301195,0.0402906535680878,155.000741162448,179.813417056092,0.0259224673600512,-155.027918410537,179.840088799288,0.0850722877847989,154.991412290136,179.843245085366,0.0395467718004997,-155.026299594284,179.858745072932,0.0662933363254321,154.980479956017
-179.996220105342,-0.0187628206490461,-155.00133783787,-179.974946649713,0.0405573416522029,155.000768076305,179.819455027808,0.0252670334537776,-155.029569064859,179.844525632622,0.0846925067278042,154.989743967917,179.848024634302,0.038710784689588,-155.029448257227,179.865514236886,0.0679757382084026,154.979148447676
-179.996588570776,-0.0190217863292127,-155.001329372048,-179.974520945213,0.0407846709258489,155.000752330153,179.825793712486,0.0249538919156611,-155.030710064157,179.849292969098,0.0842834077212725,154.988348743499,179.852740902822,0.0379624402208109,-155.032463580647,179.871964367769,0.0699543149454971,154.978232422513
-179.996909506097,-0.0193179394222275,-155.001322940348,-179.974072284164,0.040967533345341,155.00071857191,179.832336291301,0.0250700806939184,-155.031439719609,179.854294977373,0.0838565599297232,154.987389047011,179.85731546535,0.0372863402544611,-155.035367888002,179.878036517602,0.072198288616842,154.977834428066
-179.997164380945,-0.0196470408005482,-155.001325958901,-179.973604212474,0.041090482187276,155.000695621293,179.838884134524,0.0256453316398647,-155.031864860737,179.859441479096,0.083350877417914,154.986946918943,179.861711437696,0.0366730802630588,-155.038200533461,179.883711417464,0.0746717727719849,154.977988670229
-179.997348147008,-0.0200233445059181,-155.001348506622,-179.973131189068,0.0411397346966431,155.000695823637,179.845198901472,0.0266458053863033,-155.032090775527,179.864677504382,0.0826889235419466,154.9869744507,179.865929584672,0.0361321570646717,-155.041040871013,179.888982040729,0.0772407327596985,154.978690197811
-179.997455508234,-0.0204612807962082,-155.001402386825,-179.972674997964,0.0411092563838194,155.000718523211,179.851076376663,0.0280135179080642,-155.032208983385,179.869967404767,0.0818254488521445,154.987335748634,179.869980738667,0.0357014136647453,-155.043963595403,179.893832208456,0.0797518050719966,154.979922856744
-179.997465612932,-0.0209479624482469,-155.001500352372,-179.972254436549,0.0409984046028678,155.000762513818,179.856373837432,0.0297302774223156,-155.032232062454,179.875263425234,0.0807884259870674,154.987920824148,179.873887821773,0.0354205504233232,-155.046995217034,179.898229821346,0.0821221355247381,154.9816434923
-179.997361986272,-0.0214589765937771,-155.001646100524,-179.971883390387,0.040803593931321,155.000826204957,179.861024408315,0.0318286102940052,-155.03205467945,179.880519488886,0.0796564576528006,154.988694617792,179.877672925168,0.035320096002217,-155.050105716616,179.902140947191,0.0843113805164182,154.983775581152
-179.997147292464,-0.0219983611771688,-155.001812818739,-179.97157802936,0.0405132307507503,155.000898374923,179.865059739812,0.0343561551428585,-155.03148831714,179.885710985811,0.078511567956295,154.989661879907,179.881347417061,0.0354749515076449,-155.053236898617,179.905550074394,0.0863177238345522,154.986219434796
-179.99682666317,-0.0225813057947892,-155.001965239517,-179.971352407786,0.0401216917272617,155.000960779172,179.868575809943,0.0373557144265661,-155.030305364332,179.890839863925,0.0773982318987999,154.990829632202,179.884928178747,0.0360018521166043,-155.056296736928,179.90845161322,0.088154870777545,154.988874845876
-179.996412117047,-0.0232056459991811,-155.002095565508,-179.971215611837,0.0396493853640695,155.0010091412,179.871681253754,0.0408642027740505,-155.028278840699,179.895918949916,0.0762885129698763,154.992192410528,179.888435821092,0.0370030097255615,-155.059117676099,179.910838378299,0.0898057738924652,154.99165379774
-179.995917514743,-0.0238657669681062,-155.002207901115,-179.971173693422,0.0391270762970185,155.00105470493,179.874462855272,0.0448987269639829,-155.025218251639,179.90095960503,0.0751186352045757,154.993725918554,179.891902537961,0.0385318130370628,-155.061517014484,179.912706886955,0.0912968392650971,154.994484950471
-179.995355906322,-0.0245492978907755,-155.002301261689,-179.971218462308,0.0385581019058104,155.001115543419,179.876950396865,0.0494418378406558,-155.021005291106,179.905962346994,0.0738650832138166,154.995406146901,179.895354262176,0.0405734595957028,-155.063401520899,179.914075389954,0.0927627997580514,154.997321245301
-179.994748522619,-0.0252418867440701,-155.002370795486,-179.971336242365,0.0379198723155109,155.001200318846,179.879129023217,0.0544500624441746,-155.015633053893,179.910910024073,0.0725875761272714,154.997238136841,179.89877378902,0.0430856366451528,-155.064744778345,179.91499227513,0.0943928849776279,155.00012166295
-179.994112056454,-0.0259400620477186,-155.002404149147,-179.971529750665,0.0371839514488846,155.001291452442,179.880982934373,0.0598464234285854,-155.009223171033,179.915772486874,0.0714225735437322,154.999249027928,179.902130223315,0.0460306422290399,-155.065509863023,179.915527473502,0.09638396714739,155.002832366035
-179.993461194045,-0.0266450980470896,-155.002392992546,-179.971801337682,0.0363369092121348,155.00135651642,179.882510161728,0.0655205880144394,-155.001967669969,179.920501178935,0.0705281851600152,155.001472728272,179.905397264697,0.0493614693954591,-155.065614615474,179.915774596794,0.0989138302790298,155.005382021811
-179.992813568858,-0.0273456420540886,-155.002341719652,-179.972138484495,0.0353945767333228,155.001376192862,179.883724087696,0.0713644407635049,-154.994073702943,179.925049024875,0.0700264340702452,155.003933271132,179.908534185265,0.0530113346129124,-155.064964326545,179.915833117145,0.102101006984306,155.007711642374
-179.992186862433,-0.0280236819039224,-155.002254949154,-179.972522925911,0.034392704627576,155.001351191108,179.884654043172,0.0772709391043711,-154.985801221492,179.929404370536,0.0700086313350388,155.006618215948,179.911509176846,0.0568908703834091,-155.063543649934,179.915789869326,0.106000912714333,155.009811098206
-179.9915981286,-0.0286690410282183,-155.002123252494,-179.972937592757,0.03336881537631,155.00129283722,179.88532101819,0.0831324452793422,-154.977479234496,179.933564294278,0.070553790969824,155.009487551601,179.914321633324,0.0609054940437342,-155.061469695221,179.9157380456,0.110610265165382,155.011698633298
-179.991047725084,-0.0292704592825746,-155.001936118141,-179.973363327767,0.0323465874802424,155.001215537905,179.885700629748,0.0888724368000666,-154.969455172681,179.937499827864,0.0716805743986777,155.012495530664,179.916980717898,0.0649595548757409,-155.058994127429,179.915777442541,0.115848042722313,155.013390248201
-179.990514849133,-0.0298199506710713,-155.001696610521,-179.973779624183,0.0313434994353953,155.001135613581,179.885721256985,0.094440714334782,-154.962032791678,179.941162958967,0.0732943661398657,155.015598192106,179.919493392541,0.0689737107882733,-155.056439588814,179.915981638783,0.121566043825541,155.014899744193
-179.989978534723,-0.0303239002955012,-155.00142279281,-179.97417002349,0.0303803391632297,155.001075034368,179.885306385849,0.0997901790813296,-154.955402472511,179.944492588947,0.0752409892570801,155.018758959267,179.921883576268,0.0729072058259619,-155.054074494703,179.916378386469,0.127591936085599,155.016248157276
-179.989436400923,-0.0308017307930989,-155.001138960744,-179.974521574366,0.0294797358909802,155.001045334353,179.884425217059,0.104873018286637,-154.949591401438,179.947424151414,0.0774012910621507,155.021915124016,179.92419224525,0.0767408544612026,-155.052023465355,179.916982908599,0.133764523027391,155.017451984957
-179.988907335404,-0.0312747095243367,-155.000859346368,-179.974827462462,0.0286724913679234,155.001040313327,179.883111200356,0.109642439037327,-154.944462580385,179.949911155826,0.0797054156763032,155.024948372963,179.926458174661,0.0804921911357995,-155.05024939408,179.917823769951,0.139927551535309,155.018504974766
-179.988412330298,-0.0317528835467558,-155.000585333659,-179.975081918339,0.0279887223623221,155.001049761957,179.881442065614,0.114058564930213,-154.939770827163,179.951927101178,0.0821187739663186,155.02770620272,179.928712557378,0.0842203633124749,-155.048610450495,179.918906020254,0.145909990405556,155.019388365704
-179.987957808633,-0.032247355682008,-155.000303731873,-179.975268424855,0.0274343685213255,155.001065402151,179.879503467446,0.118092634366861,-154.935262236463,179.953466364858,0.0846161374753253,155.030052247553,179.930975078915,0.0879800731431159,-155.046927292519,179.920188392816,0.151572384019305,155.020079032722
-179.987557829847,-0.0327825609991826,-155.000004676679,-179.975367829812,0.0270004361007022,155.001085388518,179.877369469522,0.121725180097813,-154.9307459418,179.954558356312,0.087152131063055,155.031932482852,179.933237195256,0.0918067874592317,-155.045026372004,179.921595431445,0.156846057015021,155.020551166172
-179.987238158717,-0.0333791869045038,-154.99970461715,-179.975373923105,0.026688736003389,155.001112869185,179.87510833913,0.124935018137531,-154.926114249617,179.955267842743,0.089681458679987,155.033390481928,179.935445451286,0.0957067614316215,-155.042805775839,179.923018504976,0.161718720588262,155.020791782826
-179.987017487891,-0.0340424910115459,-154.999430258092,-179.975299393381,0.0264898954522134,155.00114532506,179.872781676276,0.127695540445573,-154.921360161327,179.955679934459,0.092183738412642,155.034519739128,179.93752295533,0.0996401727761216,-155.040269335293,179.924327025179,0.166250621337516,155.020816861851
-179.986907363747,-0.0347654569196491,-154.999187172397,-179.975164387281,0.0263633244691248,155.001185347674,179.870428347357,0.130000225219339,-154.916572067908,179.955887948825,0.0946629880523817,155.035430294317,179.939396040395,0.103537871650478,-155.037486917354,179.925387116018,0.170575255436507,155.020682815603
-179.986902824593,-0.0355292604757071,-154.998955187945,-179.97498435892,0.0262627138753009,155.001253446445,179.868068578283,0.131886281825511,-154.911907949124,179.955979159881,0.0971370855043481,155.036222655397,179.940995848776,0.107305753939894,-155.034547852591,179.926071273083,0.174810795029827,155.020475355078
-179.986980299785,-0.0363081035350844,-154.998713813541,-179.974775584285,0.0261508065569988,155.001359761584,179.865737350765,0.133423195180782,-154.907593704862,179.956014642354,0.0996104752264514,155.036944673535,179.942259432443,0.110814823074897,-155.031510559316,179.926279522747,0.179007532467529,155.020262480375
-179.987114510421,-0.0370819556570091,-154.998457031892,-179.97455973997,0.0259972983678462,155.001492096533,179.863474431401,0.134684269587564,-154.90387747804,179.956009983549,0.102053695162215,155.037578923967,179.943130349939,0.113936853584683,-155.028403282442,179.925945327008,0.183172292518628,155.020044867301
-179.987300414594,-0.0378226740563783,-154.998194788714,-179.974354300712,0.025787910033974,155.001644990316,179.861287722889,0.135729483598315,-154.900964260683,179.95592191734,0.104430979122119,155.038029574095,179.943568171513,0.116590387670883,-155.025292870088,179.925029717528,0.187263488428147,155.019737991239
-179.987560994327,-0.0384857727124496,-154.99793956105,-179.974160148168,0.02552925036008,155.001813624131,179.859165985239,0.136611462021866,-154.899004731367,179.955653242815,0.106716914895793,155.038128856664,179.943550645164,0.118751090439734,-155.022292429876,179.923534776138,0.191222499130625,155.019184520306
-179.987918433358,-0.0390437281616276,-154.997691306414,-179.973968868759,0.0252438784280676,155.001989130436,179.857098572065,0.13738029136165,-154.898084493839,179.955077173725,0.108880776150105,155.037711554621,179.943055367104,0.120439184593526,-155.019503950446,179.921508148337,0.195008460936716,155.018214560001
-179.988360347637,-0.039488575687644,-154.99744508716,-179.973774986588,0.0249573640901432,155.002173889895,179.855075718127,0.13807326265651,-154.898198284082,179.954081934588,0.110898136530513,155.036662576677,179.942050396287,0.121708406200898,-155.016998942771,179.919026436366,0.198567323186428,155.016725114545
-179.988845319358,-0.0398095268261809,-154.997201749648,-179.973578163216,0.0246907578788575,155.002360053591,179.853074599737,0.138726128815475,-154.899256562074,179.952623954388,0.112754854066723,155.034922903258,179.940507617114,0.122645843200977,-155.014842113613,179.916186172892,0.201864831442244,155.014705940819
-179.989335108875,-0.0399971843019687,-154.99696654399,-179.973385256216,0.0244665432017441,155.002522800849,179.851053708024,0.139372339659159,-154.90111350744,179.950761037278,0.114416974343062,155.032507274112,179.938417604459,0.12333795064782,-155.0130815284,179.913072796857,0.204920557363678,155.012247045222
-179.989809158247,-0.0400481655422702,-154.996743237174,-179.973220241699,0.0242901297405452,155.002643847615,179.848986716886,0.140037895015027,-154.903566751818,179.948635503465,0.115831768514292,155.029515413478,179.93578562645,0.123816417322241,-155.011713411142,179.909713704776,0.207747801993781,155.009521075473
-179.990261213946,-0.0399592021104535,-154.996539033479,-179.973123737641,0.0241325780301109,155.002715172238,179.846884044254,0.140747025714412,-154.906358184602,179.946430419651,0.116947868860876,155.026108235926,179.932623453291,0.124065354923674,-155.010646678638,179.906086107801,0.210349890768891,155.00670619325
-179.990687355389,-0.0397213954804673,-154.99635885254,-179.973128086162,0.023945742679135,155.002727482945,179.844775271946,0.141512415050878,-154.909218505736,179.94432616103,0.117725945514428,155.022473628631,179.928942818736,0.124070504986486,-155.009706703971,179.902142645967,0.212745810046486,155.003941635647
-179.991082058017,-0.0393249342411186,-154.996201018023,-179.973239790387,0.0236871456531971,155.002675504247,179.842669202585,0.142346755431604,-154.911929905888,179.942424996608,0.118184041823371,155.018804829271,179.92475500747,0.123819299494273,-155.008684567325,179.897832709266,0.214937804263904,155.001337205521
-179.991452084243,-0.038769341862957,-154.996068238832,-179.973442087592,0.0233436413275154,155.002566597218,179.840528578216,0.143271563015473,-154.914381855581,179.940699659459,0.118397646277704,155.015279029755,179.920084606185,0.123300837895509,-155.007385239324,179.893134514253,0.216896466048654,154.998981455839
-179.991811199129,-0.0380683273137312,-154.99597119239,-179.973715482934,0.0229299114605216,155.002417576628,179.838296784949,0.144309632533979,-154.916586986158,179.939019011434,0.118427567326699,155.012046256088,179.914979540169,0.122547980726444,-155.005701653293,179.888053713194,0.218587826796457,154.996939176366
-179.992158455865,-0.0372527797412735,-154.995916943542,-179.974051806793,0.0224716038437528,155.002251968537,179.835928449686,0.14546061733815,-154.918628350298,179.937200671358,0.118321451492298,155.009221649854,179.909508643296,0.121635340282714,-155.003673354285,179.882620632306,0.220012988713314,154.995236090558
-179.992481501877,-0.0363600649909991,-154.995890799397,-179.974441437107,0.0220012778810233,155.002093009529,179.833383628469,0.146692476790442,-154.920602766424,179.93508104601,0.118148187142643,155.006861841884,179.903740545497,0.120648368571188,-155.001450160338,179.876906897121,0.221195127985302,154.993839042364
-179.992769411681,-0.0354344873169841,-154.995861859518,-179.974864808917,0.0215438892232669,155.001953596588,179.830613779023,0.147982816470399,-154.922586508284,179.932572308307,0.117967293687127,155.004953434767,179.897737000899,0.11967350247526,-154.999209279558,179.870999392568,0.222173556531536,154.992656728131
-179.993006191523,-0.0345316964030752,-154.99580654273,-179.975304541717,0.0211088002089515,155.00182891476,179.827579452271,0.149322120507822,-154.924604896698,179.929666186209,0.117819865746779,155.003429817576,179.891566763174,0.118785925102421,-154.997087042883,179.864951923983,0.22302226121537,154.991603019063
-179.993184224776,-0.0337055158633945,-154.995712302243,-179.975756205472,0.0207059859027542,155.001705430606,179.824263466275,0.150673490686925,-154.926648010133,179.926416389444,0.117759745332775,155.002185665448,179.885301892522,0.118017094549171,-154.995137222577,179.858772707575,0.22383568504845,154.990650051056
-179.993321168071,-0.0330000804964434,-154.995575435459,-179.97622268552,0.0203521698502828,155.001582127883,179.820656766374,0.151966035955641,-154.928712036345,179.9229137744,0.117848812892891,155.00106504456,179.879005348283,0.11735933052306,-154.993343955407,179.852433818276,0.224706808509144,154.9897685626
-179.993443286488,-0.0324338284243847,-154.9953944368,-179.976700815117,0.0200538880311742,155.001467604719,179.816761474428,0.153128473767094,-154.930807409939,179.919255208712,0.118129659439335,154.999853916197,179.872726395892,0.116803328044578,-154.991666733727,179.845884209579,0.225675947271875,154.988872951084
-179.993576627769,-0.0319956012401566,-154.995160146255,-179.97717629897,0.0197956769099822,155.00135878112,179.812607000165,0.154110246934628,-154.932945823097,179.915509425406,0.118619368708035,154.998305916853,179.866492827785,0.116338775324971,-154.990075591139,179.83908090177,0.226708901948128,154.987822378907
-179.993740784788,-0.0316615705038091,-154.994867212762,-179.97764218818,0.0195497413677845,155.001243730114,179.808261504484,0.154882947381473,-154.935139580573,179.911692585768,0.119277444967239,154.996191315544,179.860291601198,0.115945459169593,-154.988577702891,179.83199859755,0.227734978234034,154.986437293813
-179.993939825671,-0.0314086468325707,-154.994518063853,-179.978102735747,0.0192875678699899,155.001118201307,179.803826135856,0.15543597478736,-154.937415149526,179.907780981535,0.120015945842729,154.993361325576,179.854078792691,0.115610266156544,-154.987213193382,179.824621849101,0.228676628098846,154.984566463717
-179.994161420724,-0.0312241095676182,-154.994125702613,-179.978552155354,0.0190045354645277,155.000988660341,179.79940536603,0.155767989358439,-154.939813696424,179.903755695173,0.120788553874909,154.98981894835,179.847811659469,0.115335301543963,-154.986046197454,179.81697240181,0.229472416582021,154.982142121052
-179.994381803187,-0.0310986803214936,-154.993715517939,-179.97897169363,0.0187391855346923,155.000869587057,179.795088124533,0.155889523923248,-154.942372302159,179.899654592662,0.121573028061427,154.985740459392,179.841449747781,0.115101467127497,-154.98513369203,179.809110061176,0.230098718829299,154.979182028334
-179.994582109156,-0.0310191393326857,-154.993307515926,-179.979351125753,0.0185399881791742,155.000776443715,179.790949461255,0.155838678560938,-154.945114445164,179.89556644397,0.122291221289977,154.981419313849,179.834941677859,0.114864817384275,-154.984459664447,179.801097737513,0.230557003465522,154.975783772164
-179.994760564019,-0.0309598085240462,-154.992912261023,-179.979693200263,0.018425437986813,155.000715563541,179.787051433523,0.155664079791122,-154.948057115329,179.891587210014,0.122824560068288,154.977181860772,179.828248123913,0.114587303753567,-154.983928506838,179.793007447303,0.230858651994935,154.972125734883
-179.994930082919,-0.030894019981616,-154.99253744664,-179.97999719466,0.0183756385591238,155.000681392359,179.783423874326,0.155355208342013,-154.951211558427,179.88778711933,0.123074075601828,154.973327913574,179.821373011297,0.114231840718484,-154.983414768454,179.784929984066,0.231027006778293,154.968437113274
-179.995102620429,-0.0308274233536605,-154.992188327783,-179.980263564875,0.0183389924093968,155.000673521023,179.780032723868,0.154804225993661,-154.954569979908,179.884157449764,0.123038729808473,154.970152445318,179.81434377243,0.113763077614439,-154.982831928807,179.776962933963,0.23108914049808,154.964964793831
-179.995284122157,-0.0307736746890418,-154.99186812587,-179.980503148344,0.0182812247678331,155.000700201332,179.776787425124,0.153831302852609,-154.958119603227,179.880576112865,0.122839485028578,154.967950673026,179.807195501214,0.113166690127946,-154.982177666572,179.769206148588,0.231064897027321,154.961990459105
-179.995485790872,-0.0307272766072119,-154.991583093382,-179.980736069714,0.0182164029547514,155.000761995766,179.773576456719,0.152245290477682,-154.961873300281,179.876847141548,0.122611678303451,154.966898633803,179.799986853039,0.112458988461269,-154.98150411807,179.761767265568,0.230972480441686,154.959762003524
-179.995716978093,-0.0306775755396867,-154.991341610433,-179.980975206981,0.0181836641130588,155.000853553897,179.770284422786,0.149923634887968,-154.965830612791,179.872781729351,0.122422090892704,154.966957636957,179.792812332637,0.111684055614057,-154.980861304245,179.754784060179,0.230799479415282,154.958342091522
-179.995972072177,-0.0306105016987938,-154.991153427457,-179.981212893874,0.0182385701142105,155.000965161519,179.766801471828,0.146847407346763,-154.96989974488,179.868245429262,0.122287512918322,154.967902257805,179.785796442756,0.110891824225122,-154.980286639533,179.748412915071,0.230458552057075,154.957607546771
-179.996239273701,-0.0305132982955255,-154.991038423864,-179.981427852999,0.018428335832754,155.001079367123,179.763045806702,0.143064469101563,-154.973898300436,179.863183391253,0.122195390793178,154.969428158093,179.779053817455,0.110121035713713,-154.979816048338,179.742772995932,0.229850222049527,154.957381772246
-179.996506562371,-0.030375589449072,-154.991004844789,-179.98159300659,0.0187744404443547,155.001182718102,179.758954040383,0.138672936751158,-154.977632593534,179.857641972991,0.122111277958387,154.971274703224,179.772668404093,0.10939127973806,-154.979478459432,179.737923455346,0.228906767139537,154.957546449857
-179.996759080481,-0.030186471270938,-154.991037687659,-179.981684819919,0.0192853881673841,155.001279325608,179.754467854273,0.133810204190922,-154.980924360164,179.851743827875,0.122013439559633,154.973326834995,179.766721487135,0.108711575028914,-154.97929185896,179.733875944361,0.227568525306805,154.958112227222
-179.996983203271,-0.0299471830589946,-154.991128073806,-179.981693305352,0.0199403082888781,155.001377236122,179.749569159739,0.128606089372344,-154.983555506066,179.845628027504,0.121909520144204,154.975646335144,179.761285137999,0.108110851934224,-154.97923255656,179.730591334257,0.225812128177606,154.959202929549
-179.997168815074,-0.0296733341762117,-154.991276787385,-179.981632866533,0.0207012927743911,155.001482568266,179.744291570577,0.123161851426726,-154.985275570997,179.83941282337,0.121829346143093,154.978376108242,179.756384694067,0.107627970326033,-154.979183886298,179.727978467334,0.223661214521723,154.96095863437
-179.997308086649,-0.0293831748488444,-154.991477913416,-179.981538428998,0.0215307516181591,155.001613851623,179.738701617162,0.117581618237463,-154.985879045059,179.833191937766,0.121827968023425,154.98162676066,179.752008900404,0.107298828463431,-154.978960792541,179.725922913323,0.22118835751337,154.963441390994
-179.997401363994,-0.0290915604256479,-154.99172528127,-179.981444094181,0.0223848164161213,155.00178915552,179.732892754833,0.11201043957331,-154.985257790747,179.827027169657,0.121982671144123,154.985461903467,179.748103815045,0.107146216859701,-154.978412127249,179.724323879429,0.218524451943951,154.966580257377
-179.997455202259,-0.0288103444762302,-154.992026794001,-179.981370977358,0.0232279966999263,155.001997483013,179.726976045359,0.10660109990998,-154.983443358983,179.820944582721,0.12236662141787,154.989921280337,179.744560110672,0.107158387135673,-154.9774892825,179.723103548112,0.215817458538573,154.970196145887
-179.997475342298,-0.0285496204472913,-154.992386812175,-179.981327747337,0.0240314174705821,155.002205916086,179.721063122545,0.101464982214876,-154.980630216634,179.814942767988,0.123005205806153,154.99499239442,179.741248978747,0.107316183917689,-154.976238653141,179.722185536492,0.21320050216214,154.974071164611
-179.997465004074,-0.0283041019912934,-154.992792767496,-179.981312612093,0.0247785633879277,155.002389237124,179.715248541426,0.0966781878419296,-154.977135448625,179.808989808887,0.123886218522882,155.000566048262,179.738036174795,0.107600014393866,-154.97478657852,179.72147828234,0.210763143190028,154.977988114221
-179.997422500938,-0.0280445136107878,-154.993233591764,-179.98131842998,0.0254715244008688,155.00253830219,179.70958744833,0.0923203402057387,-154.973332153335,179.80302666743,0.124987694717425,155.006438091368,179.734792198546,0.107957751429908,-154.973306367581,179.7208861726,0.208530644804828,154.981741953079
-179.997343194378,-0.0277501761076388,-154.993699715688,-179.981337759963,0.0261075216667481,155.002656560018,179.704093753833,0.0884901187418227,-154.9696020871,179.797003541287,0.126262110021536,155.012348258411,179.731428138003,0.108304733110371,-154.971968992354,179.720308822367,0.206506428919877,154.985152616019
-179.997219763338,-0.0274192249274732,-154.994164252922,-179.981368729923,0.0266793644890022,155.002747614505,179.698782256486,0.0852744320524181,-154.966283267242,179.790921488522,0.127639139374527,155.018006941986,179.727898326985,0.108533993998163,-154.970942969558,179.719636045933,0.204686602410576,154.988092909926
-179.997052622255,-0.0270569959647175,-154.994587892736,-179.98141408643,0.0272006273172751,155.002801006869,179.693682141081,0.0827159865858338,-154.963597517274,179.784835338383,0.129042537964069,155.023110313205,179.724182351436,0.108510163441037,-154.970347353979,179.718758450565,0.2030432512959,154.990527133439
-179.996866985384,-0.0266793935997216,-154.994955879042,-179.981469997072,0.0276897828265411,155.002800521156,179.688804592859,0.0808038300285127,-154.961618211995,179.778830824483,0.130393948084976,155.027371147885,179.720280016226,0.10809971017056,-154.970136888824,179.717556554191,0.20154027264434,154.992481355761
-179.996694557704,-0.02629948446628,-154.995277416588,-179.981533009892,0.0281518985944483,155.002740108957,179.684132588158,0.0794957944704697,-154.960280077462,179.773018667183,0.131611285113433,155.030562269635,179.716183198003,0.107213918169138,-154.970122501594,179.715911324151,0.200136072262575,154.993957766861
-179.996552250878,-0.0259343356093517,-154.995561008236,-179.981615399168,0.0285810148918472,155.002626391292,179.679618621209,0.0787458942873039,-154.959419245993,179.767529312619,0.132617106636635,155.032567462228,179.711868358164,0.105781118223353,-154.970120255183,179.7137210926,0.198804912233766,154.99494010483
-179.996444339759,-0.025612973642971,-154.995819046442,-179.981731067452,0.0289465130822645,155.002475482409,179.67520260809,0.0785156739692054,-154.958871886122,179.76248098616,0.133349714486134,155.033444344055,179.707324215009,0.103728969830485,-154.970023068526,179.710895364053,0.197562384807851,154.995445261409
-179.996373436334,-0.0253412903286275,-154.99605243796,-179.981880390027,0.0292058345311231,155.00230557552,179.670835399772,0.0787639207467296,-154.958540265849,179.757936814211,0.133757080294073,155.033456978751,179.702553936723,0.101020549829517,-154.969776079646,179.707374693756,0.196427266494009,154.995547976472
-179.996348787582,-0.0250938283182529,-154.996248570824,-179.982063160271,0.0293177069779997,155.002126507614,179.666482470431,0.0794111034345328,-154.958370742773,179.753887587116,0.133786869253831,155.033014652856,179.697581120936,0.0976865418124094,-154.969322556515,179.703149536309,0.195387374675514,154.995369821371
-179.996373686518,-0.0248471602288583,-154.996413027296,-179.982282129624,0.0292551826371464,155.001941410624,179.662135699381,0.0803416256755466,-154.958312216137,179.750268803142,0.133411339943528,155.032553826786,179.692448986449,0.0938374758384329,-154.968591421203,179.698263611259,0.194425806430321,154.995031500518
-179.996448592403,-0.024592640063759,-154.996565151617,-179.982547108352,0.0290173434552728,155.00176226181,179.657798057343,0.0814440063644422,-154.958321977476,179.746969926793,0.132673682834556,155.032427961072,179.687195606185,0.0896312747328297,-154.967531735982,179.692814897627,0.193555377027992,154.994639721153
-179.996572967037,-0.0243201457869637,-154.996706070472,-179.982878826696,0.0286185344010186,155.001602745396,179.653452712836,0.082617870009356,-154.958402644204,179.743842958266,0.131679109358001,155.032840754389,179.68185391971,0.0852282854712209,-154.966110228499,179.686943751863,0.19278776160565,154.994277863139
-179.996739163043,-0.0240197718781147,-154.996827613829,-179.983291537401,0.0280894003877148,155.001463350049,179.649068183202,0.0837697562458811,-154.958596133995,179.740735344984,0.130562885289902,155.033860010445,179.676461276064,0.0807668699291118,-154.964318270566,179.68082707924,0.192095655481439,154.993971497712
-179.996948083421,-0.0236897714990029,-154.996928822891,-179.983789697721,0.0274733851875099,155.001329748686,179.644621582458,0.0848334706718815,-154.958926350044,179.737524791543,0.129446267822244,155.03546075291,179.671052501626,0.0763687167848336,-154.962200037357,179.674654881764,0.191432144743288,154.993705767584
-179.997208506142,-0.023330383038655,-154.997018983703,-179.984360138984,0.0268188695848205,155.001176711544,179.64010677391,0.0857754252114081,-154.959360481272,179.734154355856,0.12839849004328,155.037558054013,179.665669596477,0.0721530545606487,-154.959828688899,179.668583855192,0.19076045035865,154.993477415753
-179.997516434318,-0.0229465629673174,-154.997119631568,-179.984970377211,0.0261700201540427,155.000980829144,179.635521290403,0.0865788082938171,-154.959804477146,179.730652593264,0.127456188774099,155.040033846367,179.660373647191,0.0682195791598254,-154.957268290626,179.662726234892,0.190066841490292,154.993301474149
-179.997857072981,-0.0225411677047545,-154.997237550905,-179.985592497474,0.0255581598890491,155.000730201372,179.630856178703,0.0872402349398176,-154.960115629628,179.727102452261,0.12662509271837,155.042729627127,179.655237702643,0.0646547689111784,-154.954545033464,179.657166025351,0.189346210801381,154.993192486743
-179.998217332526,-0.022125870600254,-154.997363322779,-179.986208607313,0.0249936528649156,155.000426806353,179.626107147238,0.0877571953348454,-154.960141824321,179.723582921828,0.12587763036525,155.045451543334,179.650345605601,0.0615417259309919,-154.951645170104,179.651958270738,0.188586112325629,154.993159559048
-179.99859080563,-0.0217349486216527,-154.997489487382,-179.986810360546,0.0244703483540317,155.000073807265,179.621292342568,0.0881137161959453,-154.959751084541,179.720162898447,0.125185257626401,155.048031541641,179.645782131506,0.0589582849480473,-154.948539651767,179.647120032944,0.187782942694321,154.993207262384
-179.998975724242,-0.0213920657046803,-154.997610318189,-179.98739661695,0.0239844788557631,154.999675179905,179.6164559143,0.0883027884589025,-154.958830325112,179.716910939678,0.124529329916437,155.050401616407,179.64160666734,0.0569852520354927,-154.945180073868,179.642634022481,0.186949309521435,154.993327107438
-179.999369465976,-0.0210985277192221,-154.997716903186,-179.987966875771,0.0235366033499971,154.999244782299,179.611680081864,0.0883431911287711,-154.957294762953,179.713855762341,0.123909006589178,155.052620181397,179.637829134931,0.0556843600228159,-154.941513985675,179.638466501511,0.18608626243048,154.993482240656
-179.999775675048,-0.0208394990357444,-154.997798168196,-179.988522635311,0.0231163552071046,154.99880360547,179.607088429522,0.0882584270217031,-154.95513703432,179.710961027537,0.123355884386096,155.054836654304,179.634402421755,0.0550534315109887,-154.937558337298,179.634590927923,0.185176513692376,154.993605912371
-180.00018932799,-0.0205919496283477,-154.997851113451,-179.989052953472,0.0227137200420129,154.998377449968,179.602798646199,0.0880603902106289,-154.952466301251,179.708136089244,0.122906353357654,155.057203017095,179.631241854784,0.0550223467562949,-154.933425587763,179.631001255916,0.184198796274768,154.993633964666
-180.000586155915,-0.0203486849031194,-154.997883712536,-179.989531297532,0.0223407623752324,154.99799030503,179.598886591671,0.0877563408418182,-154.949481511434,179.705270944407,0.122570846691839,155.059801351167,179.628269498566,0.0555181652066375,-154.929278581054,179.627707466039,0.183106272642303,154.99354861292
-180.000935435987,-0.0201054529238589,-154.997907404218,-179.989943097514,0.0220109863782135,154.997649941558,179.59538438832,0.0873500068139537,-154.946405847065,179.702287197877,0.122344229778945,155.062649002524,179.625438506842,0.0564683056761575,-154.925275345541,179.624722176729,0.181838806324516,154.993386893839
-180.001213564111,-0.0198597598653156,-154.997926538414,-179.990284660934,0.0217308988854719,154.997346771013,179.592279536988,0.0868425200950937,-154.943441228164,179.699176162721,0.122223748719299,155.065727973112,179.622717967422,0.0577842690682397,-154.921518234887,179.622068967542,0.180370100660363,154.993212327713
-180.001413052224,-0.0196280246582828,-154.997939898007,-179.990551320603,0.0215151636466916,154.997062903155,179.589535156665,0.0862284016360878,-154.940752861458,179.696002371877,0.122203859259121,155.068993777829,179.620085445285,0.0593822127252795,-154.918063843993,179.619783662338,0.178700390370945,154.993073883871
-180.001524688983,-0.0194219488417374,-154.997946732059,-179.990750972916,0.0213816473363642,154.996769955254,179.587117198366,0.0854880029887657,-154.938458518572,179.692864845376,0.122244124601155,155.07236913328,179.617535069956,0.0611609338375247,-154.914945865562,179.617886867981,0.176840808624884,154.993003219301
-180.001543903173,-0.0192348107006277,-154.99795605429,-179.99090102382,0.0213378769460841,154.996451161104,179.584990177076,0.0845915447872067,-154.936621873346,179.689856985681,0.12226455840982,155.07575413303,179.615073852895,0.0630185451613024,-154.912170069448,179.616368150719,0.174819932820134,154.993027059054
-180.001489233167,-0.0190491655424801,-154.997984075762,-179.99102011698,0.0213821045502901,154.996122638323,179.583113137029,0.083497699496239,-154.935267825049,179.687074382237,0.122190294165387,155.0790485727,179.612713743412,0.0648791584800914,-154.909739579765,179.61518886189,0.172678650477907,154.993144052885
-180.001387647631,-0.0188397393654579,-154.998033244558,-179.991135771114,0.0215066217112516,154.995801729125,179.58146566062,0.0821809816930483,-154.934400346167,179.68462539643,0.121985595623744,155.082159666261,179.610474781891,0.0666844186966621,-154.907664750145,179.614294574037,0.170451763618461,154.993308021501
-180.001263491962,-0.0185923894434956,-154.998100080431,-179.991267989134,0.0216874642383365,154.99549209234,179.58006250426,0.080675931414373,-154.933984140344,179.682577884538,0.121641178616196,155.085012616439,179.60837789278,0.0683865649724343,-154.905956425095,179.61362986659,0.16815424585763,154.99343998697
-180.001138049839,-0.0183092851078108,-154.998181363035,-179.99141757782,0.0218944712836494,154.995200867549,179.578921450044,0.0790526422561156,-154.933950180312,179.680905607038,0.121144987586504,155.08757233183,179.606439308739,0.0699426248063353,-154.904644222295,179.613149778383,0.165776250733294,154.993471226766
-180.001023277063,-0.0179962353101848,-154.998269481179,-179.991581566489,0.0221181643444873,154.994928257179,179.578033827137,0.0773496377528183,-154.934247576191,179.679500920873,0.120478589966457,155.089844644496,179.604680543641,0.0713380955000111,-154.903771374779,179.612818848636,0.163294110717593,154.993371144996
-180.000912556499,-0.0176601245160821,-154.998367775973,-179.991759235624,0.0223568276012237,154.994664450657,179.577370948333,0.0755658380660846,-154.934859585009,179.678234730878,0.119647402453136,155.091866395478,179.603126512716,0.0725902808408691,-154.903366800121,179.612605307546,0.160688388894099,154.993139213038
-180.000790430739,-0.0173063748422003,-154.998487873209,-179.991946751036,0.0226025207919201,154.994406348308,179.576894411116,0.0736887653805665,-154.935777512556,179.677014012829,0.118703041819251,155.093687483251,179.601804000512,0.073712385092845,-154.903414509094,179.612495292637,0.157938837264789,154.992802673788
-180.00065091735,-0.0169433895849502,-154.998637995616,-179.992132739525,0.022859544944577,154.994156089877,179.576568999912,0.0717025353395681,-154.936966292179,179.675804367666,0.1177072531359,155.095333532433,179.600735763106,0.0747191151359177,-154.903813033917,179.612489036523,0.15502978519582,154.992390390406
-180.000494826082,-0.0165837940324622,-154.998823502436,-179.992304308948,0.0231460466509233,154.993910378181,179.576372463936,0.0696081621036509,-154.938339047592,179.674611839251,0.116708650900558,155.096778032515,179.599931379663,0.0756305671611534,-154.904398636636,179.612574024245,0.151958752039137,154.99190334827
-180.000313639901,-0.0162403017483729,-154.999038007959,-179.992452180165,0.0234803887838977,154.993661853235,179.576288462502,0.067438236660212,-154.939786148878,179.673449794506,0.115753623703398,155.097950620923,179.599389959103,0.076432377034903,-154.905025736039,179.612728360272,0.148719330518458,154.991316550891
-180.000092709612,-0.0159321401126415,-154.999256944731,-179.992573765192,0.0238573310044138,154.993409654834,179.576305621886,0.065238717640848,-154.941240200867,179.672346244812,0.114866819440063,155.098782496076,179.599102567408,0.0770698918449001,-154.905604649627,179.612923654055,0.145321074218189,154.990585755087
-179.999836062758,-0.0156792386294329,-154.999456663415,-179.992684923423,0.02424881686101,154.993153236518,179.576407326062,0.0630642261984501,-154.942687036345,179.671339599172,0.11404623808096,155.099236411249,179.599054386449,0.0774874556563409,-154.906091516065,179.613118096049,0.141813743007597,154.989671937683
-179.999570768877,-0.0154829130685438,-154.99962903459,-179.992800674451,0.024638055088353,154.992897005449,179.576573488785,0.0609744489429905,-154.944134935574,179.670446921956,0.113279050668796,155.099323864016,179.599231244066,0.0776538435476212,-154.906479110883,179.613275074734,0.138267207516335,154.98857889583
-179.999327653741,-0.0153309555782303,-154.999773378451,-179.992901706492,0.0250112706908252,154.992663101957,179.576814856157,0.0590124220926789,-154.945594899966,179.669649623002,0.112558613767197,155.099093250613,179.599615180984,0.0775573572141429,-154.906811960883,179.613386558099,0.1347504810692,154.987343203452
-179.999122144446,-0.0152106809887317,-154.999894741778,-179.992957858486,0.0253558144122323,154.992467789299,179.577156058308,0.0571835181643145,-154.947093574465,179.66888352899,0.111906447912684,155.098577354249,179.600167105228,0.0771921079336788,-154.907191544848,179.613466551788,0.131320092554304,154.985983231392
-179.99895304391,-0.0151156694123058,-155.000002399864,-179.9929559946,0.0256858923298676,154.992317629959,179.577594027941,0.0554685758653184,-154.948696940361,179.668060895834,0.111350760478734,155.097772593077,179.600837673636,0.0765663266132669,-154.907745782281,179.613540738455,0.128030397188559,154.9844691415
-179.998819162255,-0.0150459606881807,-155.000099193707,-179.992891798282,0.0260189131470739,154.99221623954,179.578113965199,0.0538630797098553,-154.95050007092,179.667116243398,0.110891259760765,155.096666599343,179.601594742411,0.0757178021765981,-154.908586130911,179.613647641255,0.124941764477894,154.982734254478
-179.998731789303,-0.0149920902080785,-155.00018294759,-179.992763944825,0.0263550348433688,154.99215547623,179.578697267168,0.052383467181813,-154.952589266563,179.66602672786,0.110496664942518,155.095278253826,179.602415689134,0.0747200234859148,-154.909784588248,179.613820449682,0.122098842419265,154.980734367014
-179.998707218789,-0.0149451653213743,-155.000257095033,-179.992578939483,0.0266915031788935,154.992127831222,179.579318346375,0.0510479581244448,-154.954997511685,179.664812282036,0.110117684099849,155.093659141723,179.603267117041,0.0736714939434118,-154.911385362306,179.61405452312,0.119519216966181,154.978511223767
-179.998747755778,-0.0149098070097598,-155.000333950268,-179.992348697402,0.0270177718998822,154.992126515101,179.579965850775,0.0498475866307572,-154.957692251676,179.663534339909,0.109702075761511,155.091870157088,179.604117815305,0.0726493248326408,-154.913400345084,179.614292921477,0.11721798631559,154.97617488582
-179.998844759447,-0.0148866998633424,-155.00042286049,-179.992079274488,0.0273212696918975,154.992140810602,179.580639658889,0.0487573208748414,-154.960620716479,179.662274783752,0.109220326162391,155.089958514577,179.604934565038,0.0716838692057732,-154.915787955883,179.614444989485,0.115221559079196,154.973827122676
-179.998990167924,-0.014859422436914,-155.000525915746,-179.991786411142,0.0275988915005192,154.992162019732,179.581357614549,0.0477779353010531,-154.963744729028,179.661090960879,0.108679713793417,155.087906966756,179.605640634115,0.0707780930305988,-154.918467020282,179.614415775688,0.113549851445654,154.971522727454
-179.999172884343,-0.0147858817356359,-155.000653657358,-179.991507537748,0.0278435447256427,154.992183261891,179.582164843966,0.0469534441011029,-154.967033963307,179.659991389534,0.108091725021272,155.085601861349,179.606123653714,0.0699185127547469,-154.921337990786,179.61414282217,0.112174829297095,154.96926030931
-179.999376023835,-0.0146259394299088,-155.000818078694,-179.991258237907,0.0280527311542104,154.992213341851,179.58310249713,0.0463549163254625,-154.970465019148,179.658927498659,0.107452333251063,155.082926618809,179.606295922172,0.0690933456493106,-154.924318609093,179.61361396471,0.111004390511175,154.966986287673
-179.9995819238,-0.0143755946642764,-155.001013143342,-179.991017801048,0.028234069172106,154.992272804834,179.584154979147,0.0460154755401362,-154.97403967096,179.65778455775,0.10675137441085,155.079922439497,179.606110054912,0.0683060412675667,-154.927417602733,179.612851401888,0.109952355411904,154.964683505959
-179.999780552528,-0.01404559692025,-155.001228577822,-179.99077610582,0.0283845639765979,154.992371775042,179.585225362412,0.0458674145681094,-154.977826113762,179.656406388457,0.106017095016033,155.076843685519,179.605554884458,0.067561865079143,-154.930765452009,179.611889050451,0.108987301177266,154.962452077782
-179.999968344911,-0.0136491488573192,-155.001455876177,-179.990541097614,0.0284964220622706,154.992512078141,179.586167592626,0.0457582507955798,-154.981978762898,179.654648157593,0.10537245758356,155.074048031237,179.6046708439,0.0668816329799854,-154.93454516275,179.61077338162,0.10812058078121,154.960455353086
-180.000141781829,-0.013214195902331,-155.001678768315,-179.990314716127,0.0285858434732274,154.992689131409,179.586812759681,0.0455319456378187,-154.986670650932,179.652429546018,0.104956512906688,155.071790921742,179.603527349069,0.0663027277441763,-154.938884354989,179.609582309388,0.10738594443988,154.958806232037
-180.000291756536,-0.0127687038094885,-155.001880238228,-179.990107642439,0.0286836187330792,154.992893586308,179.586998613303,0.0450872175529725,-154.99194561463,179.649755488207,0.10481046508327,155.070070870115,179.602199865251,0.0658371123175634,-154.943777952725,179.608396463099,0.106827942686329,154.957486319694
-180.000410609748,-0.012335489286791,-155.002047922401,-179.989936279976,0.02879926730907,154.99311742278,179.586629493521,0.0443876390682982,-154.997610433293,179.64670149377,0.104884976048664,155.068656873118,179.600766182908,0.0654584767546717,-154.949071558996,179.607253832442,0.106498092747359,154.956391298712
-180.000502572708,-0.0119316765850499,-155.002178099271,-179.989801208178,0.0289197456509402,154.993349197197,179.585705969035,0.0434523934835407,-155.003283078303,179.643403599882,0.105073782691767,155.067272851567,179.599284663412,0.065144838092783,-154.954506925554,179.606135298702,0.106433601960573,154.955462342581
-180.000571072152,-0.0115440426479083,-155.002273783951,-179.989705571761,0.0290240076211557,154.993561126283,179.58429752249,0.0423420442422686,-155.00853799217,179.640039420377,0.105235871441554,155.065754453272,179.597782838136,0.0649014254239734,-154.95979203176,179.604969297918,0.106655184901292,154.95472426394
-180.000619241898,-0.0111464669298819,-155.00233367318,-179.989664823998,0.0290869293975681,154.993723162542,179.582501483074,0.0411462661475236,-155.013028905114,179.636770736592,0.105283465687356,155.064084676557,179.596263702649,0.064739722113816,-154.96466885503,179.603660347664,0.10716536156908,154.954232354922
-180.000656041203,-0.0107288204264965,-155.002353195482,-179.989694543995,0.0290858498632574,154.993837309223,179.58040995289,0.0399643686248796,-155.016548304455,179.633690516758,0.105261453847198,155.062353874927,179.594711310779,0.0646706097645363,-154.968961938424,179.60212576904,0.107919731462797,154.954054367958
-180.000693542736,-0.0102866642573742,-155.002339496113,-179.989799982298,0.0290043422970919,154.993925367648,179.578083102235,0.0388714649574995,-155.01904426656,179.630817276447,0.105301452457242,155.06069824523,179.593100366781,0.0646945707518853,-154.972594209189,179.600318749424,0.108834687568692,154.954270208073
-180.000749933177,-0.00982145298714592,-155.002308472318,-179.989976936919,0.0288398961327514,154.993995473155,179.575545379263,0.0379075962100893,-155.020598864826,179.628125980347,0.105546518099271,155.059276550388,179.591399212833,0.0647947561767241,-154.975560827085,179.598226081205,0.109846034238155,154.954952190761
-180.000835379589,-0.00934146032765995,-155.002272842491,-179.990214113822,0.0285966789540949,154.994049729494,179.572803296858,0.037108307638315,-155.021370177791,179.625591891725,0.106115163859104,155.058274915238,179.589572335831,0.0649605055808509,-154.97788832442,179.595851309858,0.11092516041422,154.956155040113
-180.000944669888,-0.00885763152014468,-155.002242491751,-179.990500763545,0.0282626129947519,154.994094933119,179.569863537849,0.0364955417612936,-155.021522571017,179.62323348733,0.107054821136514,155.057880063172,179.58759646681,0.0651956830564214,-154.97961711913,179.593210657815,0.112043293371725,154.957895029469
-180.001064437149,-0.00838706493348871,-155.002215442078,-179.990836584298,0.0278288481275102,154.994131880221,179.566732736909,0.0360523310215475,-155.021172952332,179.621125203547,0.108309160162961,155.058254109539,179.585467844141,0.0654964918520919,-154.980782791752,179.590334240928,0.113186511001594,154.960158370665
-180.001179035621,-0.0079512538554454,-155.002180690699,-179.99121909435,0.0273065273597279,154.994166134293,179.563422001228,0.0357656080600395,-155.020355452982,179.619377301743,0.10974481523239,155.059521183039,179.583193102985,0.0658301035645442,-154.981391691446,179.587243142769,0.114338758467673,154.962927547113
-180.001285232103,-0.00756918918360522,-155.002130050547,-179.991643369266,0.026711023039583,154.994216120251,179.559974470447,0.0356494331825842,-155.019006283528,179.618105156073,0.111188048819109,155.061715256894,179.580781976434,0.0661520786288347,-154.981398707437,179.583946118332,0.115388807178326,154.966155261682
-180.001393917441,-0.00724662439268622,-155.002053055763,-179.992108364042,0.026046477831909,154.994286075018,179.556476016583,0.0357006136489266,-155.016998524644,179.61739144083,0.112428942745188,155.06472439701,179.578260363209,0.0664246913266335,-154.980702835602,179.580474973448,0.116131517435842,154.969740239218
-180.00150794791,-0.00697844270009597,-155.001947206497,-179.992603405025,0.0252941419119053,154.994364539933,179.553018288227,0.0358884103865326,-155.014208458497,179.61725357198,0.11326904700078,155.068296117478,179.575679755263,0.0666115071048445,-154.979211083253,179.57689225892,0.116371356183876,154.973551885519
-180.001615417186,-0.00675098800997875,-155.001825566868,-179.993111042374,0.0244422736690727,154.994451855677,179.549665517318,0.0361802017333346,-155.010584517868,179.617635070432,0.113639460350433,155.072134479038,179.573104856406,0.0666823568800586,-154.976914608972,179.573282173096,0.115974162783314,154.977469040356
-180.001702527983,-0.00654570396894746,-155.001698638378,-179.993618435898,0.0235179020568694,154.994552702185,179.54645889698,0.0365285170584116,-155.006174913735,179.618420150239,0.113643787160155,155.076026955083,179.570613122135,0.066617277929894,-154.973898277322,179.569752269193,0.114846882876347,154.981391014308
-180.001762661096,-0.00635252563105742,-155.001569939466,-179.994116477473,0.0225725673349629,154.994660858784,179.543430059913,0.0368665493872867,-155.001108175284,179.619465431546,0.113443786205202,155.079893038705,179.568298746272,0.0664282567947913,-154.970307653134,179.566443344085,0.112973654850805,154.985207465127
-180.0017947575,-0.00616909983464988,-155.001442221631,-179.994607393676,0.021663238507883,154.994766639412,179.540602329386,0.0371242554535958,-154.995555547847,179.620662549356,0.1131423306306,155.083780773951,179.566256467259,0.0661704624847678,-154.966286599387,179.563512584694,0.110423294947251,154.988808590294
-180.001793617566,-0.00599981374549751,-155.001312870024,-179.995097063978,0.0208370153352681,154.994862696468,179.537996646306,0.0372316014926045,-154.989677321437,179.621984961023,0.112775195356414,155.08783607929,179.564555102987,0.0658793458279065,-154.961900845941,179.561087407903,0.107270708844549,154.992149844817
-180.001755455046,-0.00585728208464797,-155.001170548859,-179.995585705057,0.0201115512767578,154.994943701631,179.535659644482,0.0371491660746049,-154.983587763232,179.623483598007,0.11233466254453,155.092222821327,179.56322271414,0.0655508282439572,-154.957136049527,179.559245037388,0.103601989861779,154.995270835915
-180.001677476967,-0.00573931474830446,-155.001006981729,-179.996078445251,0.0194744212607653,154.99500134933,179.533670287984,0.0369094794497181,-154.977319688054,179.625262290202,0.111812243020811,155.097032722969,179.56226928264,0.0651925486688201,-154.951964999814,179.558012416664,0.0995231241059428,154.998264896746
-180.001558958127,-0.00562370666903843,-155.000821186219,-179.996583375685,0.0188955587267618,154.995025314831,179.532129848742,0.0365992560138422,-154.970832335043,179.627419791059,0.111222174423776,155.102237442402,179.561709345242,0.0648205220902813,-154.946398402155,179.557396561984,0.0951280931752104,155.001202779034
-180.001411281474,-0.00549309610634331,-155.000608412202,-179.997105880849,0.0183455269751798,154.99501812787,179.531139384698,0.0362916118334408,-154.964124845741,179.629977433303,0.110567297274538,155.107684112407,179.561574485893,0.0644374680376084,-154.940532613271,179.557427195163,0.0905028140301852,155.004055924122
-180.001249182066,-0.00534870870666476,-155.000370556302,-179.997644636661,0.0178182616821365,154.99499677946,179.530754330246,0.0360085202271549,-154.957336123273,179.63286839526,0.109855619206256,155.113111182516,179.561941135135,0.0640259735766913,-154.934588291311,179.558154414803,0.0857195345093985,155.006706553342
-180.001080542282,-0.0051798792978244,-155.000119239974,-179.998194128367,0.0173359526974425,154.994979420725,179.5309605467,0.0357127470194505,-154.950778006169,179.635969811145,0.109127043592525,155.118181853795,179.562923146404,0.0635489553771121,-154.928887667229,179.559627580904,0.0808474159595749,155.009004999947
-180.000895266518,-0.00499131844689955,-154.999859095409,-179.99874625583,0.0169470248643038,154.99497982985,179.531695742559,0.0353089248312038,-154.944870857362,179.639143266626,0.10840269650413,155.122549250908,179.564632168776,0.0629699132847979,-154.923768414664,179.56188461581,0.0759841603851505,155.010808971727
-180.000682244008,-0.00479666025964703,-154.999598638496,-179.999276269846,0.0167037090899744,154.995003311912,179.53290500514,0.0346800501593921,-154.939968330685,179.642285177487,0.107647047418206,155.125965298301,179.567155218934,0.0623015241500249,-154.919485377596,179.564944134865,0.0712417017514241,155.011999614788
-180.000443505039,-0.00461177760738955,-154.999353786304,-179.999747343941,0.016630531959608,154.99504382337,179.534578409666,0.0337347264813891,-154.936243368073,179.645364276326,0.106801599437082,155.12835594681,179.570533567028,0.0616130964603544,-154.916147045407,179.568809422871,0.0667068062660131,155.012514415533
-180.00019534155,-0.00444956409760042,-154.99912685924,-180.000133862929,0.0167303055969688,154.995091508985,179.536759602988,0.03246064650761,-154.933687219809,179.648429159878,0.105848479589836,155.129800401504,179.574748717044,0.0609731384853519,-154.913717924085,179.573467268034,0.0624493080746722,155.01238442811
-179.999965466566,-0.00431857203595291,-154.998909689308,-180.000428882847,0.0169855674159813,154.995138594497,179.539536592473,0.0309392612874275,-154.932157969717,179.65158328829,0.104838683134655,155.130440164386,179.57975100905,0.0604237180058507,-154.912081308557,179.578873436203,0.0585332159105437,155.01170587301
-179.999771555301,-0.00421924634854554,-154.998700405465,-180.000639183447,0.0173559445204088,154.995183835716,179.543000439481,0.0293023551849475,-154.931435521958,179.654945300821,0.103850411858967,155.130380420076,179.585482506055,0.05996633810314,-154.911089951493,179.584947167115,0.0550062867253089,155.010569564246
-179.99960930568,-0.00414300101592402,-154.998511402424,-180.000781707133,0.0177958895222157,154.995235720997,179.547194746116,0.0276877526987539,-154.931274691545,179.658599411783,0.102918904807799,155.129633838352,179.591880711803,0.0595617773831984,-154.910605910281,179.591591595079,0.0519114439127154,155.009021736325
-179.9994653665,-0.00407403304036298,-154.998365616055,-180.000871512947,0.0182566220146024,154.995295851902,179.552083116835,0.0262000665987021,-154.931502926854,179.662563297977,0.101989103779638,155.128141372256,179.598895616039,0.0591639331873999,-154.910554479202,179.598714634336,0.0492866109797224,155.007077728995
-179.999331640403,-0.00399956456834796,-154.998274572777,-180.000911312776,0.0186903917319411,154.995351122721,179.557554898975,0.0248816203980722,-154.932103071563,179.666793840029,0.100943554308817,155.125847925114,179.606488291356,0.0587366417339815,-154.910958755142,179.606221379844,0.0471507940063731,155.00475230095
-179.999204181653,-0.00391498287152422,-154.998236006852,-180.000903623826,0.0190597448282557,154.99538695668,179.563464787108,0.0237208262123199,-154.933206446781,179.6711980953,0.0996960340135181,155.122750397843,179.614620131308,0.0582524916102696,-154.911921505283,179.614017757352,0.0454940301763748,155.002087551022
-179.999070394841,-0.00381688103604064,-154.998251233315,-180.000857186496,0.0193316764315563,154.995392796149,179.569683049813,0.0226750715398066,-154.934992309099,179.675661999846,0.0982293500325408,155.118919006337,179.623258731173,0.0577061053158565,-154.913551792324,179.622036751672,0.0442752685276888,154.999173409181
-179.998917723359,-0.00370609610646594,-154.998324267839,-180.00077584372,0.019488751724027,154.995375567632,179.576133527367,0.0216989253216258,-154.937562482433,179.680110528569,0.0965610708358505,155.114502292805,179.632368116158,0.0571329527902502,-154.915911749974,179.630252920182,0.0434260570045717,154.996110187259
-179.99875716935,-0.00358344571277617,-154.998456377126,-180.000654069796,0.0195458453013356,154.995355373991,179.582797569001,0.0207981645254086,-154.940909755924,179.684543069707,0.0947299411195653,155.109670558941,179.64188254138,0.0565986449099585,-154.919031071209,179.638668742944,0.0428729200387448,154.992965369818
-179.998607852398,-0.00345138548329331,-154.998637298316,-180.000479421305,0.0195358018155865,154.995343014828,179.589696460795,0.0200410811170295,-154.944938300339,179.689006529344,0.0928081120959635,155.10453887834,179.651710793537,0.0561709016554963,-154.922938554763,179.647293955208,0.042569140187877,154.989802462436
-179.998470380586,-0.00331828749868964,-154.998843566411,-180.00023834335,0.0194884534692003,154.995341827894,179.596867341907,0.0195138070038434,-154.94944885438,179.693559252408,0.0908768989950184,155.09915695512,179.661759090836,0.0558982707906843,-154.927646431707,179.656115417899,0.042466692975056,154.98671293316
-179.998325273718,-0.0031864615724984,-154.999065798971,-179.999921536471,0.0194128880340001,154.995358714546,179.604344249858,0.019275854272895,-154.954169663153,179.698252447834,0.0889892614670251,155.093522263244,179.671933874781,0.0558086565617057,-154.933110042225,179.66508880288,0.042503926289437,154.983802196098
-179.998147612565,-0.00305190561590027,-154.999310386601,-179.999524740053,0.019294549003811,154.995412471144,179.612153849244,0.0193404845275888,-154.958852944263,179.703125557022,0.0871747530482351,155.087583741163,179.682139216872,0.0559273789169765,-154.939232464127,179.674161337482,0.0426527500197173,154.981159335195
-179.997928242531,-0.00291627784965545,-154.999581525796,-179.999052839865,0.0191248791619791,154.995521032419,179.620311619801,0.0196706466881623,-154.963333252237,179.708207822774,0.0854583171959394,155.081283604636,179.692281148967,0.0562675348409367,-154.945885193683,179.683270721493,0.0429115251956871,154.978834692424
-179.997680596439,-0.00278722223542759,-154.99987690821,-179.998516597979,0.0189150331958226,154.995687036627,179.628803664027,0.0201919217699777,-154.967513409116,179.71351984266,0.0838937239398121,155.074616867685,179.702280348811,0.056809152835582,-154.952882680798,179.69237275152,0.043298834449249,154.976828603596
-179.997430234056,-0.0026624322072033,-155.00017523811,-179.997934839439,0.0186861929948326,154.995901323584,179.637608890283,0.0208413853573422,-154.971314296695,179.719099255511,0.0825694697653143,155.067671481951,179.712075932391,0.0574842384224498,-154.959963844089,179.701457240587,0.043843524122403,154.975107818584
-179.997196312305,-0.00252246357956821,-155.000441341587,-179.997336443058,0.0184604313926454,154.996145983288,179.64673577114,0.0216092271136547,-154.974654601604,179.724990899688,0.0815604147590547,155.060623589769,179.721604270821,0.0581712113408999,-154.966836618415,179.710498198726,0.0445348339622876,154.9736803391
-179.996984014348,-0.00234006232467414,-155.00064928191,-179.996742779205,0.0182583636293383,154.99640634921,179.65619559486,0.0225357695013698,-154.977491440155,179.73122881497,0.0808955898680347,155.053677913114,179.730792200924,0.0587438224427982,-154.973241457119,179.719434911073,0.0453696774601629,154.972618154087
-179.996788225509,-0.00209143485720105,-155.000790393574,-179.996164676431,0.0181064695957591,154.996680083495,179.665957642878,0.0236606955984293,-154.979854682223,179.737852495707,0.0805348985629376,155.047002411795,179.739570868271,0.0591416162983082,-154.979008462881,179.728181154613,0.046374181969573,154.972002369247
-179.996595649725,-0.00177356939254519,-155.000864821417,-179.995614319718,0.0180164944995365,154.99696967161,179.675940418016,0.0249749350960946,-154.98185217732,179.74487540356,0.0803722945007242,155.040694135421,179.747881520922,0.0593610013715438,-154.984074562762,179.736647944143,0.0475733441521216,154.971918658674
-179.996406402204,-0.0014042811335824,-155.000884146687,-179.995103871026,0.0179710533124956,154.997271830049,179.686036237015,0.0264183288569267,-154.983648081463,179.752237448214,0.0802920125875832,155.034778507483,179.755684381902,0.0593764930939606,-154.988441405917,179.744775889973,0.0489857472670807,154.972439462357
-179.996240191155,-0.000994696586404285,-155.000868347526,-179.99464522737,0.0179447219058929,154.997578959409,179.696112143768,0.0279078920141487,-154.985388352651,179.759815509,0.0802027306464241,155.029248615734,179.762988321655,0.059151453009271,-154.992136737886,179.752515235487,0.0506039426601842,154.973577983796
-179.996106367235,-0.000550654256397844,-155.000829134042,-179.994259699928,0.0179208070517274,154.997889776555,179.705996538413,0.0293694117953895,-154.987163052251,179.767471072371,0.0800444066614679,155.024148029615,179.769862640641,0.0587027970217713,-154.995221758185,179.759815786351,0.0524337028606475,154.975315562503
-179.995996310613,-9.22870423319618e-05,-155.000771518202,-179.993961965543,0.0178909760361337,154.998212567142,179.715507664156,0.0307517462128308,-154.989021374815,179.775086366954,0.0798158045422536,155.019595037267,179.776406649387,0.0580925111180278,-154.997814221015,179.766672406396,0.0544776022606878,154.97764261911
-179.99590298817,0.000355111060612158,-155.000699915304,-179.993743779185,0.0178409692542019,154.99855799104,179.724494524451,0.0320277675992166,-154.990965611586,179.782572441658,0.0795697528688445,155.015667607182,179.782730949447,0.0573964568524109,-155.000062044473,179.77313414709,0.0566932809919252,154.980514771238
-179.995831517408,0.000773399804431822,-155.000618143721,-179.993592941299,0.0177570971530935,154.998933502562,179.732862583526,0.033175647234881,-154.992929132271,179.789860334985,0.0793373778359628,155.012283168622,179.788961552623,0.0567036513785287,-155.00208002288,179.779275103582,0.0590284985732141,154.983796568443
-179.995786267718,0.00115014894316683,-155.000524753477,-179.993498008824,0.0176396922982184,154.999343871273,179.740572915484,0.0341642938924887,-154.99477106941,179.796898532857,0.0790899764716202,155.009219355044,179.795240972759,0.0561058418204169,-155.003916424198,179.785185458576,0.0614204918929892,154.987305821136
-179.995768963107,0.00147605584628364,-155.000404921653,-179.993434226173,0.0174953689619219,154.999782276415,179.747625710686,0.0349751405546179,-154.99631695281,179.8036459328,0.0788012149893708,155.006243414668,179.801714426311,0.0556704986711607,-155.005571648957,179.790960258293,0.0637912617688626,154.99089126356
-179.995783876042,0.00173486342961343,-155.000243430128,-179.993376196324,0.0173406397091612,155.000233233294,179.754055765962,0.0356182386131968,-154.997442487968,179.810080183183,0.0784758248343122,155.003198463427,179.808505852148,0.0554395475781817,-155.007046940074,179.796671870828,0.0660724434135059,154.994458126273
-179.995823961889,0.00189722360741819,-155.000039310265,-179.993312627791,0.0172034714600816,155.000693874584,179.759942025267,0.0361062360139082,-154.998126609822,179.816236249524,0.0781328465449664,155.000010232099,179.815709598148,0.0554480014294709,-155.008377039547,179.802344131545,0.0682052776118952,154.997986031401
-179.995872962224,0.00194319920049128,-154.999793153792,-179.99323436395,0.0171014219042442,155.00116639258,179.765404160455,0.0364440238972977,-154.998427947004,179.822220840528,0.0778110462558795,154.996669251897,179.823380299421,0.0557432052694159,-155.009640085506,179.807952801073,0.0701308138662496,155.001516944144
-179.99592656417,0.00187371489150722,-154.999506728325,-179.993125281724,0.0170209376813174,155.001652090535,179.770570548247,0.0366587082727902,-154.998431612715,179.828178953315,0.0775489211325149,154.993191796341,179.831516994621,0.0563757875004183,-155.010949676856,179.813457030968,0.0718055928382067,155.005059454462
-179.995991036047,0.00169685812276973,-154.999187338721,-179.992969716206,0.0169289188739815,155.002160934311,179.775553482392,0.0368172361831072,-154.998188818815,179.834222526408,0.0773929780265296,154.989627399917,179.840076184058,0.0573786349180592,-155.012419495897,179.818828707478,0.0731992406176802,155.008549398072
-179.996062286172,0.0014276787125807,-154.998846302679,-179.992757151297,0.016800764267699,155.002695141128,179.780454145254,0.0370198244294092,-154.997680983145,179.840372172596,0.0774273678726964,154.986096360527,179.848992556572,0.0587560437292086,-155.014126849277,179.824074636622,0.0743253425670967,155.011906323836
-179.996114048643,0.00108200881891136,-154.998502350626,-179.992480554362,0.01663713870601,155.003241543008,179.78537612539,0.03738903813648,-154.996831154588,179.846559891317,0.0777154365559341,154.982750797927,179.858180703805,0.0604809938096738,-155.016076517563,179.829247738143,0.0752972674824716,155.015058401446
-179.996108026108,0.000677221121547064,-154.998174614054,-179.992141162751,0.0164583744292379,155.003784982003,179.790416912193,0.0380520181226362,-154.995542711028,179.852680788163,0.0782367360833725,154.979701622788,179.867541762017,0.0625174666901512,-155.018175396848,179.834429161124,0.0762544205910005,155.017966282555
-179.996025279223,0.000246381305469824,-154.997872549056,-179.991743239527,0.0162819482005048,155.004309244716,179.795638095723,0.0391117816802943,-154.993755373089,179.858637819881,0.078930700419261,154.977010545787,179.876975134693,0.0648329930968512,-155.020263035676,179.839704345568,0.0772799719555427,155.020663871537
-179.995871007816,-0.00018206261905905,-154.997597905882,-179.99128821214,0.0161223613399513,155.004797817105,179.801034275215,0.0405962985740181,-154.991486879749,179.864361807426,0.0797643241285977,154.974732351822,179.886392166836,0.0673658347382857,-155.022183959218,179.845159353624,0.0784020209253013,155.023244832406
-179.995650151017,-0.000609103123368039,-154.997360554912,-179.990788368807,0.0159895485505399,155.005253242654,179.806525419576,0.0424422597193407,-154.988841452824,179.869839944574,0.0807408549275277,154.972928857943,179.895730090227,0.0700241779157721,-155.02388990484,179.850863939033,0.0796110175966295,155.025831572334
-179.995368235492,-0.0010460289256522,-154.99717158374,-179.990269078751,0.015874962566967,155.00569258096,179.81197214362,0.0445474496377043,-154.985966877676,179.875121771063,0.0819013604611724,154.971660631689,179.904947853564,0.0727382301530022,-155.025467954755,179.856826264223,0.0808876247040953,155.028565410092
-179.995041143227,-0.00150369689160597,-154.997028587618,-179.989765405036,0.0157572823507319,155.006120014886,179.817217471932,0.0468068065488233,-154.982955324949,179.880270165408,0.0833294083650248,154.970966603101,179.91403727004,0.0754715352018712,-155.027021700782,179.862997650909,0.0822102441683416,155.031579727608
-179.994682878989,-0.00199634023649847,-154.996928286389,-179.989304388893,0.0156254770417978,155.006525043621,179.822128774429,0.0491119126163765,-154.979777618552,179.885290474492,0.0850945805793653,154.970802326826,179.923030555353,0.078190996947999,-155.028574942433,179.869309938654,0.0835465949106433,155.034897575286
-179.994296032009,-0.00252495596216146,-154.996871523162,-179.988890817163,0.0154957263314506,155.006900328801,179.826610296776,0.0513597890441617,-154.976325856886,179.890106118607,0.0871861430610313,154.970961695594,179.931946103599,0.0808530334305112,-155.030075519902,179.875686697795,0.084861703075091,155.038346486033
-179.99388850372,-0.0030752201032402,-154.996852888196,-179.988530094319,0.0154051481984415,155.007245877819,179.830602155546,0.0534780405927072,-154.97251661006,179.89461291913,0.0895141660393342,154.971082123896,179.94074264639,0.0834260988956904,-155.031433519935,179.882063264503,0.0861432863455645,155.041666653857
-179.993486134666,-0.0036216250829428,-154.996871734935,-179.988228684741,0.0153925762841992,155.007562628435,179.834078476643,0.0554433322707735,-154.968321491693,179.898726468106,0.091950640362229,154.970787069069,179.94933056681,0.0859075721273319,-155.03255640136,179.888385422357,0.0873971453381561,155.044673229543
-179.993123008311,-0.00413575220435977,-154.996940469905,-179.987980424139,0.0154783366886645,155.007852196436,179.837059054882,0.0572942376183247,-154.963711429981,179.902422642431,0.0943849372214544,154.969877727289,179.957600833801,0.0883076526946564,-155.03338063926,179.894579033651,0.0886240868418106,155.047305602613
-179.992824261917,-0.00459700666319383,-154.997057650793,-179.987779320849,0.0156618809970867,155.008121357777,179.839612141029,0.0591445052225544,-154.958648422382,179.905790163864,0.0967749837604529,154.968420358626,179.965437601617,0.0906319546298135,-155.033895061128,179.900539068334,0.0898116796629431,155.049618226883
-179.992587690525,-0.00499141349682517,-154.997201889016,-179.987624214454,0.0159358187852993,155.008380631359,179.841840954157,0.0611485434336983,-154.953113007216,179.909020987181,0.0991324717123387,154.966672042563,179.972714023045,0.0928824212048863,-155.034138333926,179.90615026945,0.0909376784960464,155.051737910524
-179.992389623653,-0.0053114015579205,-154.997360647349,-179.987508268679,0.0162727287013485,155.008633687529,179.843881610878,0.0634392390938583,-154.947148099424,179.912362026898,0.101448741359965,154.964938944799,179.979298785166,0.0950675306027502,-155.034186099521,179.911311842927,0.0919822909277435,155.053791286216
-179.992200757444,-0.0055455381032599,-154.997528559074,-179.987420947361,0.0166283956245149,155.008878836728,179.845891071662,0.0661184395689912,-154.940928263809,179.916070190575,0.103666825251041,154.963469279873,179.985060466555,0.0972145939858843,-155.034144651984,179.915941851153,0.0929422322684392,155.055858640842
-179.991993425419,-0.0056745165406292,-154.997701224886,-179.987344481879,0.0169710700096812,155.009110341423,179.848027937562,0.0692516325316164,-154.934732023362,179.92036826999,0.105713214073767,154.962401198699,179.989890428794,0.0993691978141173,-155.034145127901,179.919998837809,0.0938269907826232,155.057991637662
-179.99174208576,-0.00567737361321954,-154.997893893205,-179.987255991974,0.0172708536288375,155.009319540524,179.850437752191,0.0728557895393693,-154.928856372247,179.925394226602,0.107503955740316,154.961728685393,179.993749346709,0.101580121712553,-155.034342969622,179.92350183484,0.0946461898945307,155.060237183088
-179.991424323916,-0.00553564035343311,-154.998127001596,-179.987147313659,0.0175046477840897,155.009500498963,179.853228049732,0.0769047997345212,-154.923575776713,179.931179137748,0.108963804608878,154.961317458385,179.996675645822,0.103897064535177,-155.034922233933,179.926515597712,0.0954092433939558,155.062627688808
-179.991035892206,-0.00524647427480839,-154.998400863799,-179.987016052891,0.0176757963077372,155.009658944214,179.856469214013,0.0813303029708604,-154.919105991479,179.937675257347,0.110073579354119,154.961004807068,179.998770013028,0.106379038040483,-155.036079230075,179.929148006953,0.0961016211422842,155.065160018852
-179.990577523081,-0.004830612380037,-154.998705061666,-179.986841952021,0.0178235644589022,155.009809358607,179.860215112562,0.0860534104518579,-154.915557925359,179.944799531029,0.110848349903186,154.960672350539,180.000205854326,0.109105193602585,-155.037993960661,179.931560826609,0.0966768213966849,155.067794534957
-179.990038658953,-0.00432319615204871,-154.999030666677,-179.986611755142,0.0180037575338083,155.009963090018,179.864500653603,0.0910139693146719,-154.912921229492,179.952474213998,0.111300815511592,154.9602581715,180.00122563794,0.112171538723727,-155.040813444796,179.933955983148,0.0971075645845934,155.070488283898
-179.989413058823,-0.0037586967167362,-154.999370171126,-179.986345552639,0.0182481600162954,155.010138109687,179.869331072285,0.0961492648453972,-154.911098423155,179.960637521523,0.111460246677319,154.959783061311,180.002084278425,0.115683210719164,-155.044660306551,179.936526255776,0.0973540149551592,155.073215918085
-179.988707601874,-0.00315483980369178,-154.999722080399,-179.986064804589,0.0185717298008675,155.010352210867,179.874684035998,0.101377783654602,-154.909932986355,179.969241064833,0.111395814833854,154.95933989078,180.003029637334,0.119739679247129,-155.049629948594,179.939418531283,0.0972881904001732,155.075961757697
-179.987939431891,-0.00251518199490921,-155.000084860261,-179.985782767587,0.0189769383758042,155.010599031383,179.880502741336,0.106577986489472,-154.909228023749,179.978248128577,0.111205024955479,154.959022249106,180.004339554388,0.124395441356457,-155.055726673098,179.94273993667,0.0967889673305106,155.078713231527
-179.987126954434,-0.0018565796459738,-155.000452307706,-179.985510121025,0.0194485275733726,155.010853902221,179.886691595616,0.111549721594158,-154.908818098273,179.987617891886,0.110961774565757,154.95886038706,180.006320381897,0.129625849051488,-155.062813685894,179.946549724793,0.0958756489251529,155.081465095825
-179.986279123348,-0.00121775196099619,-155.000824224021,-179.985244352821,0.0199633753304685,155.011097674029,179.893109394021,0.116043450871185,-154.908628101065,179.99727870458,0.110696128297794,154.958821015838,180.009267213845,0.135331564261269,-155.070693389505,179.950854544137,0.0946932665019973,155.08421319639
-179.985402751686,-0.000644480308371713,-155.001205013947,-179.984982384128,0.0204801587173948,155.011325404027,179.899560958771,0.119850042124326,-154.908640561501,180.007108690207,0.110436511956315,154.958865428658,180.013428139111,0.141388106808655,-155.079232573927,179.955625228861,0.0934223151180424,155.086949732284
-179.98451248324,-0.000175070273611598,-155.001588393001,-179.984736212546,0.0209297436060066,155.011543181158,179.905834681275,0.122849526822448,-154.908859340812,180.016942826624,0.110209201033851,154.959012980041,180.018969060195,0.147679904773538,-155.088389052265,179.960791289185,0.0922468495981674,155.089697234677
-179.983614519496,0.000165659427734726,-155.001950700411,-179.984524404095,0.021251069774384,155.011751285521,179.911735549727,0.125007988129339,-154.909356913711,180.026617229576,0.110009798523165,154.959374589256,180.025945479057,0.154111241389379,-155.098191686929,179.966233273511,0.0913721441476428,155.092524228304
-179.98270829857,0.000359924158041536,-155.002269783051,-179.98435524992,0.0214204863634048,155.011936162449,179.917106118169,0.126344426502803,-154.910260685407,180.03603030059,0.109815187462321,154.960119229116,180.034317203711,0.160619495193286,-155.108714262542,179.971775246932,0.0909843432110338,155.095508905812
-179.981802774874,0.000396872185183301,-155.002539412067,-179.984234682111,0.0214392243816998,155.012088157679,179.921861945138,0.126917927889024,-154.911645414791,180.045174257965,0.10959331097409,154.961412036548,180.043966617175,0.167188916108277,-155.120019644512,179.977190153535,0.0911826202281747,155.098692228637
-179.980909613747,0.000284683642011563,-155.002765746589,-179.984176759691,0.0213324494180316,155.01221498346,179.926000663904,0.12684928908228,-154.913524452539,180.054157098876,0.10927345986122,154.963347446785,180.054686962422,0.173834650170855,-155.132117349265,179.982242277071,0.091996424860529,155.102043105496
-179.980032890027,3.93812823456126e-05,-155.002968934601,-179.984205146218,0.0211341577241117,155.012337412047,179.92958201829,0.126288676443593,-154.91588789982,180.06321974537,0.10869580818916,154.965919681944,180.066176951667,0.18055195048561,-155.144937447113,179.986681758828,0.0934572058749442,155.105462107304
-179.979176898008,-0.000325765471780585,-155.00317921156,-179.984340671054,0.020864561737664,155.012471489183,179.932725564546,0.125418146643471,-154.91869429366,180.072739723426,0.107588745080186,154.969099435376,180.078044204457,0.187334968541034,-155.158345873816,179.990188634284,0.0956204684341686,155.108904560581
-179.978370223943,-0.000780345479293461,-155.003428894823,-179.984595833568,0.0205311509539874,155.012619756332,179.93563523794,0.124495620077778,-154.921841815517,180.083225060842,0.105617475480827,154.972922316448,180.089834904901,0.194185722906043,-155.172178495421,179.992327687806,0.0984778939961524,155.11259669507
-179.977648119266,-0.00125942129018911,-155.003741492007,-179.984998740684,0.0201314257676068,155.012774332846,179.938563943131,0.123801744945685,-154.925133943593,180.095281925925,0.1023997855947,154.977486474858,180.101100411644,0.201012574114581,-155.186116599893,179.992541522892,0.101944383380412,155.117046465799
-179.977024423276,-0.00167046638933707,-155.004114255834,-179.985580298238,0.0196565769426668,155.012914907095,179.941737931088,0.123573421742077,-154.928278759246,180.109535044024,0.0974523985630066,154.982900155668,180.111481159547,0.207641255368367,-155.199566565131,179.990235425119,0.10594521175507,155.122766967222
-179.976491118959,-0.00192817074569427,-155.004529113653,-179.986354619461,0.0190602421218993,155.013016964459,179.945304330086,0.123991733981217,-154.930928978652,180.126494993925,0.0902679978403513,154.989251452135,180.120745230615,0.21390619306569,-155.211870929955,179.984885741729,0.11031207511738,155.130082434791
-179.976020348003,-0.0019750076878266,-155.004980286147,-179.987340226218,0.0182628868218212,155.013067618175,179.949297952677,0.12516106582876,-154.932800359492,180.14641561353,0.0804844007036108,154.996625113516,180.128760207952,0.219621288891664,-155.222581698163,179.976114683465,0.114786963342325,155.139162325423
-179.975580747388,-0.00177575265378516,-155.005485667692,-179.988548412622,0.0172076691105034,155.013058615649,179.953652105934,0.127085317235155,-154.933817520774,180.169225725144,0.0679851869256426,155.005177480594,180.135463666281,0.224609521575303,-155.231462835756,179.963754095858,0.119216383411868,155.150100733135
-179.975143425542,-0.00131733370685719,-155.006071345733,-179.989956450223,0.0158846266048593,155.012980826753,179.958233689049,0.129657655316545,-154.934124508903,180.194560474242,0.0529508911833661,155.015219286735,180.140858263474,0.228729028056941,-155.238395590635,179.947883807786,0.123536517350164,155.162950643609
-179.974681557562,-0.000623063257890648,-155.006740723606,-179.991521354453,0.0143491672561704,155.012834119355,179.962895896359,0.132685971230312,-154.933948430567,180.221827920183,0.0358602426063412,155.027146250669,180.145019761429,0.231850658547027,-155.243373552623,179.928846823422,0.127707313786357,155.177669369383
-179.974180401084,0.000253220956562685,-155.007479724894,-179.993196677944,0.0127107549379511,155.012629941299,179.967519043398,0.135961944486679,-154.93348304117,180.250303856776,0.0173817558964716,155.041193862538,180.148096018816,0.233935884806078,-155.246538132862,179.907218953433,0.131741560839846,155.194022593492
-179.973638982609,0.00124476106769015,-155.008266008908,-179.994934724094,0.011092823908132,155.012383550749,179.97202205424,0.139308897666118,-154.932881139182,180.279208954771,-0.00177664021915618,155.057291775912,180.150294759443,0.235063803957577,-155.248158953446,179.883750253896,0.135663561869504,155.21158884822
-179.97306807052,0.00229782168114974,-155.009062223032,-179.996691875155,0.00960242207191124,155.012112641984,179.976388783389,0.142608064031549,-154.932268765908,180.307747196386,-0.0209326391247247,155.075099475762,180.151863136544,0.2353862354372,-155.248575887201,179.859315061948,0.139428824106155,155.229921447565
-179.972480327147,0.00336558098710776,-155.009839440362,-179.998429041213,0.00832336192111347,155.01183621849,179.980662758778,0.145793449053814,-154.931728745126,180.33517889754,-0.0394871576197773,155.094051210457,180.153070832059,0.235082453081798,-155.248161887159,179.834836331417,0.142960416902874,155.248711535667
-179.971875635359,0.00441467123221724,-155.010585479444,-180.000112288983,0.00731854546648203,155.011564308486,179.984884965105,0.148808697350608,-154.931298799744,180.360902188763,-0.056993497692382,155.113435400249,180.154182315653,0.234342430537893,-155.24729891019,179.811202288487,0.146201861929221,155.26772711822
-179.971245663924,0.00541433549592065,-155.01129198607,-180.001717459904,0.00662628405375743,155.011295062115,179.989060269607,0.151597203316045,-154.930999693072,180.384500781538,-0.0731450245739136,155.132503985062,180.155402969133,0.233348949500904,-155.246345126737,179.789214253222,0.14903762499704,155.286626632693
-179.97058091242,0.00634638017208715,-155.011963178597,-180.003219612782,0.00626352366269583,155.011031667722,179.993160993931,0.15410393592514,-154.930852629035,180.405751141568,-0.0877427647874775,155.150547250847,180.156872499017,0.23223128658835,-155.245611413956,179.769534708082,0.151229448278671,155.304911205894
-179.969860661547,0.00720428868698949,-155.012622159547,-180.004598713617,0.00622113840690839,155.010790459685,179.997116614339,0.156262716344838,-154.930883181083,180.424593617773,-0.10067238924246,155.166992174159,180.158709563526,0.231059621939846,-155.245363520645,179.752636656559,0.152533166473272,155.322053508415
-179.969061791407,0.00800255342758177,-155.013296384953,-180.00586650948,0.00646364709206393,155.010587948602,180.000815865851,0.158000898555199,-154.931105400057,180.441100377057,-0.111888835470099,155.181478954595,180.161022375559,0.229875450878114,-155.245823483095,179.73877567571,0.152817020402505,155.337652560919
-179.968156262286,0.00877462942064357,-155.013997013753,-180.007053646943,0.00694709828256734,155.010435571675,180.004133130848,0.159261919379961,-154.931495920532,180.455442010262,-0.121425688411462,155.193883884613,180.163859355201,0.22870634311537,-155.247153331852,179.727985438517,0.152040937149796,155.351519792583
-179.967098138814,0.00957515468824108,-155.014727057538,-180.008166531969,0.00762971256601844,155.010331139342,180.006950576483,0.159998603932563,-154.932008134912,180.467844721604,-0.129376702750396,155.20436173995,180.167155896577,0.227492508272578,-155.249468974222,179.72012020814,0.15024235875982,155.363700802414
-179.965838084952,0.0104730282482621,-155.015511343171,-180.009187058155,0.00846595057425355,155.010252712099,180.009179531458,0.160177133344284,-154.932593159998,180.47854178723,-0.135846703489482,155.21334247601,180.170726070012,0.226004334669405,-155.252852377531,179.714896738975,0.147535168327944,155.37443385329
-179.964325462807,0.0115312681974774,-155.016395328694,-180.010106309256,0.00940936788104355,155.010177985607,180.010808895632,0.159854739301311,-154.933178416836,180.487731748731,-0.140922108877568,155.221416838083,180.1742775245,0.223950906837553,-155.257299713309,179.711915624417,0.144091996535061,155.384051159145
-179.962514781919,0.0128258110091651,-155.017424762707,-180.010938071341,0.0104256844854112,155.010103837421,180.011930541752,0.159218373654135,-154.933604257272,180.495575827586,-0.144709405332966,155.229194722273,180.177434827732,0.221165114874242,-155.262683983244,179.710715621797,0.140148169114202,155.392875242195
-179.960385423089,0.0144353598932168,-155.018634797899,-180.01169634198,0.0115020048404659,155.010037237765,180.012721167004,0.158535192409334,-154.933567998322,180.502225336122,-0.147377929789204,155.23719045473,180.179769909385,0.217650977207507,-155.268774257806,179.7108220477,0.135956101875651,155.401197185824
-179.95794213339,0.0164190310491231,-155.02004199344,-180.012381420753,0.0126277500457255,155.009978595183,180.013406786145,0.158087104883246,-154.932652012567,180.507838238758,-0.149129882209847,155.245767352429,180.180827567019,0.213590479371875,-155.275310027441,179.711774210589,0.131745362914771,155.40930400019
-179.955223012385,0.018800003666084,-155.021643467538,-180.013001484271,0.0137790280116199,155.009913899661,180.014196949481,0.15813427340828,-154.930458320054,180.512586769553,-0.150176865948503,155.255161773397,180.180174611728,0.209352804158972,-155.282105208416,179.713135749046,0.127711425038189,155.417469890851
-179.952294463531,0.0215596531293251,-155.023416859415,-180.013593536363,0.014931736093864,155.009823225238,180.015230159487,0.158926934130701,-154.926725913688,180.516691809467,-0.150744850194241,155.265476375807,180.177480241084,0.205363864414036,-155.289022724548,179.714439994831,0.123956475677617,155.425940832342
-179.949222797592,0.0246632721723355,-155.025320890409,-180.014205957386,0.0160631580367077,155.009687428429,180.016562696763,0.160700665403291,-154.92132641091,180.520472021643,-0.151096745385966,155.276640639422,180.172559839911,0.201970729741699,-155.295873895705,179.71517876281,0.120522027307067,155.434909950593
-179.946056861246,0.0280656999314437,-155.02730577859,-180.014866278274,0.0171544020389289,155.009493253757,180.018147836744,0.163595804933645,-154.91423313671,180.524377476342,-0.151568630256093,155.288443719747,180.16534658604,0.199424981779796,-155.302421711042,179.714827836183,0.117510227893181,155.444456832358
-179.942835334681,0.0316928051667807,-155.02932150388,-180.015599166138,0.0181671389221135,155.009237068801,180.019789454021,0.16764643158859,-154.905513031497,180.528958724639,-0.152542629769013,155.300627024128,180.155856598889,0.197869114578041,-155.308398915764,179.712809178341,0.115090517229951,155.454519075848
-179.939608153658,0.0354460103715372,-155.031324133178,-180.016444220176,0.0190336467027162,155.008913349797,180.021154162262,0.172837837594346,-154.895311267858,180.534720947644,-0.154329082766783,155.31301847919,180.14419328742,0.197376477882649,-155.313524211699,179.708560004383,0.113392704327014,155.464947409537
-179.936428010741,0.0392232342602134,-155.033285147629,-180.017446234442,0.0196747650397136,155.00852937403,180.021842755785,0.17910361104692,-154.883837049351,180.541955847352,-0.157112768564188,155.325613598411,180.130561810043,0.198017053616065,-155.317580710824,179.701643117071,0.112435818795282,155.475583422856
-179.93333241982,0.0429314859710905,-155.035184029429,-180.01865353902,0.0199947902379618,155.008102002523,180.021466655112,0.186339857442383,-154.871309282034,180.550697213985,-0.161029720963623,155.338535875788,180.115251948998,0.199861728705014,-155.320473374499,179.691735951232,0.112202106103655,155.486303919045
-179.930349948257,0.0464930117892371,-155.036992950602,-180.020102168142,0.0199059126165586,155.007626756586,180.019705553632,0.194446160851604,-154.857857548775,180.560794881083,-0.1661843170414,155.35205446314,180.098609252394,0.202928230677652,-155.322208307484,179.67865150316,0.112698940813504,155.49708268821
-179.927507750038,0.0498341943489658,-155.038674672685,-180.021808470159,0.0193488271668167,155.007092331984,180.016339405302,0.203318522232192,-154.843429500749,180.572004100129,-0.172612222925124,155.366714107005,180.081026145511,0.207173354218285,-155.322840754311,179.662393898677,0.113834223677146,155.508026344256
-179.924836993792,0.052871779866391,-155.040190624957,-180.023787511907,0.0182841142504265,155.006501321509,180.011245516888,0.212839417603237,-154.8277584426,180.584062491923,-0.180267844924288,155.383368884824,180.062937578161,0.212574954056839,-155.322428882631,179.643122858843,0.115367430653575,155.519312286593
-179.922370902956,0.0555270978996014,-155.041511797961,-180.026056348933,0.0166876254922659,155.005866888341,180.004379768379,0.222927776333499,-154.810421040269,180.596745128458,-0.189006769727449,155.403078077946,180.0448126944,0.21908459382513,-155.320935919508,179.621093560088,0.117065528681119,155.53118562561
-179.920143031392,0.057746642330024,-155.042617388662,-180.028622525522,0.0145749993634091,155.005214565206,179.995789519153,0.23354254503952,-154.790882531101,180.609876894337,-0.198608126062577,155.426934441589,180.027128181875,0.226539790023682,-155.318081477778,179.596636581283,0.118793452490031,155.54397741615
-179.918176787875,0.0594980078197229,-155.043493527831,-180.031495922978,0.0120063830887202,155.004578550597,179.985590870717,0.244593485316127,-154.768544999885,180.623312722488,-0.208806889726053,155.455822767864,180.010331899368,0.234700697519165,-155.313283606987,179.570124306564,0.120481048156731,155.557997606408
-179.916468712101,0.0607668437723185,-155.044136780782,-180.034693114366,0.00905059676277109,155.003979849927,179.973886023689,0.255913473333934,-154.742895769421,180.636912488958,-0.21927324506184,155.490208318839,179.994825420981,0.243319053841874,-155.305804517253,179.541948585961,0.122067515682613,155.573468781982
-179.915013112931,0.0615624871860623,-155.044556488953,-180.038202292757,0.00578522550696362,155.003414624258,179.960700063761,0.267263049022587,-154.713660606313,180.650497235377,-0.22957088639974,155.530106333284,179.98098089533,0.252181631753573,-155.295072055171,179.512556289757,0.123440087036161,155.590535476352
-179.913821227437,0.0619161618228519,-155.04477617045,-180.041976138245,0.00231091901964178,155.002869489306,179.945969066351,0.278311758433451,-154.680932343993,180.663788341922,-0.239170455994786,155.575209978432,179.969183235732,0.261136508412791,-155.281002941119,179.482452139342,0.124454361554084,155.609278788178
-179.912903661003,0.061870884744055,-155.044815396256,-180.045964985639,-0.00124729271959238,155.002333533357,179.929567096453,0.288674171085777,-154.645277461554,180.676402444527,-0.247524330187405,155.62498442546,179.959828084752,0.270111800396839,-155.264081050494,179.452131812235,0.125068096553832,155.62972297699
-179.912247421302,0.0614586825633287,-155.044690129264,-180.050127824607,-0.00476777204063165,155.001793390929,179.911337949421,0.297953130075714,-154.607673870822,180.687911782041,-0.254164251044926,155.678736876531,179.953245175973,0.279080004325522,-155.24514233161,179.422095727598,0.125373880733873,155.651751125528
-179.911811664105,0.0607017047385658,-155.044431837602,-180.054413349655,-0.00814447689370421,155.00123892758,179.891126159819,0.305759306911046,-154.569259548677,180.697924087803,-0.258817790862523,155.735764418675,179.949643183438,0.288053149778997,-155.225071567245,179.392893872708,0.125446089943346,155.675047398675
-179.911548278945,0.0596418324553146,-155.044073454763,-180.058746847225,-0.0112620142291217,155.000676850927,179.868825382213,0.311744868355933,-154.531102152908,180.706142422892,-0.261433038889551,155.795472874458,179.949103315112,0.297116400252999,-155.204605346194,179.365045424863,0.125357370478553,155.699168172118
-179.911410127305,0.0583388202721548,-155.043629230989,-180.063051849614,-0.0140446091983284,155.000117204684,179.844433359791,0.315685879744545,-154.494086692864,180.712395600249,-0.262044087228005,155.857428696345,179.951591966765,0.306369377440632,-155.184305336021,179.338995584368,0.125280886329589,155.723694885612
-179.911352410757,0.0568586673755459,-155.043098666873,-180.067259286092,-0.0164434928844917,154.999567585946,179.818075197363,0.317551040783194,-154.458850252113,180.716634467628,-0.260650527571946,155.921331404721,179.956983081476,0.315843162034182,-155.164601102653,179.315137321894,0.125348977489977,155.748399609468
-179.911347234807,0.055265313719,-155.04248406452,-180.071324722656,-0.0184466625461642,154.999033499691,179.789993701765,0.317471033118554,-154.425753786727,180.718913988234,-0.257237745487129,155.986900163392,179.965083455229,0.325526399669957,-155.14585528954,179.293773826604,0.125513777951959,155.773246910972
-179.911385628435,0.0536066213205227,-155.041803899332,-180.07523386498,-0.0200757232406441,154.998504613887,179.76054409271,0.315648897172408,-154.394940161927,180.719390260022,-0.251856312485493,156.053790960095,179.975659502948,0.335404599530472,-155.128443815462,179.275087405382,0.125547015574522,155.798202106561
-179.911458824804,0.0519369870014483,-155.04108842955,-180.07900535903,-0.0213906755655336,154.997977583064,179.730175024767,0.312303712329706,-154.366452663696,180.718339916531,-0.244709818298151,156.121540267248,179.988391467392,0.345422391877437,-155.112726144967,179.259167029923,0.125037647582861,155.823042208435
-179.911543724707,0.0503367108288891,-155.040371264347,-180.082682055282,-0.0225487099865335,154.997478087533,179.699387144418,0.307698238767302,-154.340275997417,180.716175845438,-0.236224849010186,156.189491171691,180.002814484012,0.35548562082703,-155.098891709293,179.246046607727,0.123340377899773,155.847305279686
-179.91161277205,0.0488825661028046,-155.03969224922,-180.08630872559,-0.023801839190486,154.997034532457,179.668667875779,0.30211593797591,-154.316326370267,180.713406853338,-0.227012339200148,156.256797154012,180.018378089013,0.365482728788243,-155.086866373567,179.235720569592,0.119697673158032,155.870322763636
-179.911650506079,0.047617268821148,-155.039080726917,-180.089920029871,-0.0254313634718261,154.99664834222,179.638412335733,0.295794451273851,-154.294555195661,180.710556285788,-0.217725268889133,156.322575386559,180.034558187056,0.375277301776314,-155.076451573516,179.228119869871,0.113580382312367,155.891331738517
-179.911645963402,0.0465620096341195,-155.038552377925,-180.093538153327,-0.02768394456351,154.996309552849,179.608912519865,0.288928173984112,-154.275041687971,180.70809839207,-0.208898448306081,156.386111107832,180.050899627809,0.384742400368803,-155.06756301649,179.223063942454,0.104934493664021,155.909669304189
-179.911582632412,0.0457414428767544,-155.038140051398,-180.097164427581,-0.0307218098995808,154.996018483884,179.580391119762,0.281657187280491,-154.257960356959,180.706450052415,-0.200904156059357,156.446922670797,180.067005175041,0.393786705442732,-155.060276962585,179.220306944822,0.0940684947588901,155.924811959214
-179.911445409523,0.0451775563049392,-155.037884035126,-180.100799306469,-0.0346603205170905,154.995773952961,179.553025871645,0.274070956391653,-154.243515628404,180.705990898154,-0.194044775418968,156.504706346331,180.082534686372,0.402368663728322,-155.05473392934,179.219607700116,0.0812050224889409,155.936263214251
-179.911225861829,0.044878834642405,-155.037800915151,-180.104439842445,-0.0395899603857979,154.995559631703,179.526974558611,0.266257113684158,-154.231834087392,180.707097672925,-0.188622522075991,156.559327614064,180.097207273574,0.410509618714833,-155.051087126897,179.220674680173,0.0662951702741789,155.943657051102
-179.910915393119,0.0448421274511439,-155.037883909857,-180.108059961579,-0.0455922600686043,154.995362195779,179.502364883694,0.258304463163531,-154.22291232262,180.710204945661,-0.184949412311397,156.610833954696,180.110782364598,0.418249445302839,-155.04946185138,179.223097409963,0.0492776275452681,155.947027947464
-179.910504442896,0.045051638296239,-155.038127325975,-180.111603454854,-0.0526481998088992,154.995203710209,179.479263596197,0.250255792567429,-154.216704168207,180.715869373174,-0.1833444277264,156.65945277992,180.123043534397,0.425641767485404,-155.049982325566,179.226311180086,0.0303606570161104,155.946797629221
-179.909988547733,0.0454925622345626,-155.038535851866,-180.114979324311,-0.0606700413968048,154.995109188925,179.457669585873,0.242088538989629,-154.213202998142,180.724799410988,-0.184066506623253,156.705599818713,180.133817663317,0.432786791635078,-155.052862598171,179.229612046619,0.0100174065432419,155.943507871879
-179.909353878214,0.0461451951375733,-155.039107911418,-180.118057546561,-0.0695688633910506,154.995039506112,179.437520593263,0.233731044629729,-154.212398970092,180.73783044002,-0.187277911444672,156.749832516397,180.142978862994,0.439797713152096,-155.058363988956,179.23221117027,-0.0112737338276577,155.937682707065
-179.90857942405,0.0469627876625284,-155.039827831608,-180.120694851488,-0.0791914410845342,154.994874629956,179.418724071389,0.225090793844533,-154.214156597396,180.755868856942,-0.193123113895657,156.792793667152,180.150432311241,0.446746806122691,-155.066623473549,179.233226051539,-0.0330551813608638,155.929792222927
-179.907658428657,0.0479038216301342,-155.04067897961,-180.122766244483,-0.0893575209770486,154.994426156735,179.401195678742,0.216073506669759,-154.218148366031,180.779794219816,-0.201830843732903,156.835245426286,180.156107058574,0.453643344386903,-155.077550344913,179.231715095335,-0.0548228479017164,155.920269123442
-179.906581177657,0.0489700114229009,-155.041639755102,-180.124160031559,-0.0999367017999543,154.993453857114,179.384850583579,0.206559481210768,-154.223895537419,180.8103130625,-0.213751310992602,156.878073104051,180.15994823466,0.460442375474703,-155.090858911328,179.226754272823,-0.0761464357909189,155.90964366875
-179.905340021033,0.0502008413464928,-155.042671341549,-180.124773450878,-0.110871895325251,154.99170414831,179.369582559933,0.196393527024088,-154.230852667035,180.847756813078,-0.229108216094114,156.922283195314,180.161957560124,0.467031280186681,-155.106094213262,179.21751853449,-0.0966964254795474,155.898655578298
-179.903952352432,0.051640141853284,-155.043751137111,-180.12455712246,-0.122154796064146,154.988963354772,179.355233699023,0.185424836873034,-154.238506993707,180.891867997481,-0.247733656289037,156.96908048305,180.162262482219,0.473159901512249,-155.122661864612,179.203422269057,-0.116238989621918,155.888306240892
-179.90244006024,0.0533152543213748,-155.044883774019,-180.123533260803,-0.133734474025397,154.98511744319,179.341563399832,0.173552612641794,-154.246481125905,180.941784676324,-0.269227886653293,157.019707032909,180.161139246636,0.478466020577485,-155.139969213632,179.184176514255,-0.134648834688482,155.879791444779
-179.900827690531,0.055234718045604,-155.046061764021,-180.121788942475,-0.145441707428995,154.980204827924,179.328304225669,0.160732391581837,-154.254503957712,180.996238051862,-0.293144997902891,157.075046246015,180.158976687502,0.482574234891121,-155.157519884963,179.159781014244,-0.151859996446503,155.874265483634
-179.899150090112,0.0573733285295959,-155.047263910176,-180.119481523523,-0.157016364650193,154.974398285624,179.315219789694,0.146946371700094,-154.262314302598,181.053802497253,-0.318991800719869,157.135337637596,180.156213709727,0.485157726661217,-155.174879228598,179.130591116197,-0.16781979206825,155.872528673364
-179.897435214682,0.0596824583366127,-155.048477950502,-180.116833634413,-0.168221464339532,154.967933918616,179.302100161817,0.132188483828598,-154.269657233632,181.113064707026,-0.346296350055273,157.200114146047,180.153285696392,0.48602319084817,-155.191668534798,179.097348874944,-0.182495124452601,155.874812920622
-179.89571046953,0.0621035931807163,-155.049698846965,-180.114115043793,-0.178868144616619,154.96106478429,179.288756677582,0.116452316297535,-154.276304528685,181.172647400683,-0.374671858361579,157.268371209158,180.150574765991,0.485148267630146,-155.207577734734,179.06107942201,-0.195946399306762,155.880841312661
-179.894011362787,0.0645487336120541,-155.050913222142,-180.111577275921,-0.188823686260351,154.954030281188,179.275026741653,0.0997597034492394,-154.282045713039,181.231234561376,-0.403754871147312,157.338778368525,180.148354415738,0.482627211842765,-155.222297353236,179.0229447733,-0.208365400229145,155.890118860234
-179.892364946839,0.0669314609913538,-155.052096997036,-180.109356510938,-0.198088182926948,154.947033240917,179.260797809672,0.082239021600896,-154.286667332631,181.287661436986,-0.433153189718405,157.409855742006,180.146767765559,0.478620906491849,-155.235460890278,178.984137204415,-0.220040097717673,155.902223024358
-179.890782620443,0.0692010810303059,-155.053237355651,-180.107429475016,-0.206792375701073,154.940237464942,179.246056974853,0.0641400951789482,-154.289961769023,181.340982872643,-0.462490053592874,157.480159069903,180.145857871718,0.473360544580058,-155.246707128169,178.945772086856,-0.231260120059727,155.916833566481
-179.889262769163,0.0713310951816675,-155.054335208641,-180.105677994533,-0.215172476276376,154.933757640658,179.230910212774,0.0458222748228755,-154.291732842054,181.39047958487,-0.49144225886332,157.548383246509,180.14558477724,0.467143770237517,-155.255814496053,178.908817667729,-0.242224620061049,155.933541204863
-179.88780213914,0.0733086865669963,-155.055392574835,-180.103976743951,-0.223526146162195,154.927662512731,179.215551220547,0.0277360139979753,-154.291769983593,181.435623807199,-0.519700347432238,157.613410586542,180.145831589685,0.460290389807151,-155.262737926359,178.874109370918,-0.253060090091686,155.951713783731
-179.886401127492,0.0751262309427221,-155.056407574339,-180.102228438034,-0.232118992851529,154.92200680953,179.20023948973,0.010367794001576,-154.289815095308,181.476031815932,-0.54693376553601,157.674360143279,180.14640717332,0.45310275214242,-155.267501746404,178.842384691059,-0.263777973758145,155.970558340867
-179.885058671917,0.0767759214136007,-155.057366024846,-180.100392883628,-0.241139701197509,154.916842115699,179.185282214074,-0.0058062339860349,-154.285534645336,181.511422152936,-0.572807942780856,157.73061157751,180.147050849297,0.445841329170504,-155.270072433492,178.81431189391,-0.27423008929886,155.989244409409
-179.883772390265,0.0782419527468323,-155.058263552136,-180.098507121924,-0.250667816880864,154.912201846056,179.17102285173,-0.0203318479386177,-154.278547855642,181.541609767483,-0.597019585922972,157.781758297192,180.147481745556,0.438735537822224,-155.270283222686,178.79048529269,-0.284221271096963,156.006972011558
-179.882538639353,0.0795223975888039,-155.059112778939,-180.096670706816,-0.260648004009986,154.908095003883,179.157834446174,-0.0327721935014596,-154.268482768635,181.566503377395,-0.619355764368834,157.827545079425,180.147445534528,0.431917244642969,-155.267813577634,178.771414225945,-0.293510526983775,156.02307439452
-179.881366805604,0.0806440327864493,-155.059910760313,-180.095004380454,-0.270929204091074,154.904516338795,179.146091046837,-0.042727236674838,-154.255067030131,181.586104705566,-0.639685945079288,157.867864523876,180.146733842053,0.42533559760317,-155.262268316496,178.757502010845,-0.301796979025031,156.037150931739
-179.880275425811,0.0816362853984197,-155.060642755502,-180.093613414865,-0.281357747850248,154.901440588611,179.136109193142,-0.0498633585717895,-154.238251889588,181.600514302598,-0.657901052416415,157.902755878768,180.145183975277,0.418863729130445,-155.253402790566,178.748999646842,-0.308849563565816,156.049109706295
-179.879266719743,0.0825176411519004,-155.061304248597,-180.092583444782,-0.291808224068478,154.89882799832,179.128090829131,-0.0539394298198018,-154.218242169114,181.609929357121,-0.673907472786335,157.932369527012,180.142644326478,0.412421255670638,-155.241319492792,178.746000865049,-0.314584718608286,156.05904705234
-179.878331456297,0.0833038977389425,-155.061908073945,-180.091982202979,-0.302133540128792,154.896657029409,179.122134627637,-0.0548265263526291,-154.195429094838,181.614634450387,-0.6876302145951,157.956926685237,180.138962305526,0.406004358014184,-155.226417146198,178.74843407241,-0.319074286431116,156.067125665713
-179.877465386982,0.0840077563023032,-155.062465878059,-180.091852679026,-0.312121287614764,154.894911300785,179.118281331249,-0.0525130116067732,-154.17027132694,181.614977043756,-0.699019060308163,157.976676025129,180.134013081964,0.399666878459206,-155.209175192874,178.756054668691,-0.322529221225848,156.073568620854
-179.876672247734,0.0846278389744319,-155.062969283536,-180.092209082432,-0.321484953816507,154.893545996718,179.116536069855,-0.0471179559026148,-154.143149913818,181.611390320281,-0.708091106096311,157.991815474295,180.127716332603,0.393494539974372,-155.189933824039,178.768483930597,-0.325327528493922,156.078611492307
-179.875962269763,0.0851518384676704,-155.063408913916,-180.09303397453,-0.329941056892416,154.892500682401,179.116885005213,-0.0388834276205455,-154.114273931953,181.604441304932,-0.714960320801609,158.002401100213,180.120058989303,0.387608618640055,-155.16877749697,178.785244123905,-0.328018377200681,156.082408528519
-179.875340604534,0.0855693766181436,-155.06378897724,-180.094275977261,-0.33729175874607,154.891723716949,179.119304097272,-0.0281289637668473,-154.083675960883,181.594844159416,-0.719856333548944,158.008334271375,180.111132995936,0.382116407997781,-155.145596945483,178.805792408002,-0.331214854876474,156.084968753577
-179.874807682039,0.0858799745553423,-155.064123933672,-180.095863494488,-0.343443291533203,154.891176542711,179.123715445525,-0.015211813505639,-154.051357340873,181.583441647648,-0.723146071385657,158.009408877375,180.10114001624,0.377069191069708,-155.120233444764,178.829529307052,-0.335494708261139,156.086115182232
-179.874370829125,0.0861045556890284,-155.064426229591,-180.097716783825,-0.348397884179697,154.89083654473,179.129935910406,-0.000508732906881315,-154.017462819602,181.571109171502,-0.725277861139252,158.005377091106,180.090368038955,0.372478673750123,-155.092614209144,178.855734373003,-0.341283690212847,156.085579153223
-179.874028160276,0.0862769128473206,-155.064697006015,-180.099748007047,-0.35222164720306,154.890689326498,179.137673690719,0.0156044776701893,-153.982338017941,181.558637233893,-0.726700144762491,157.99606461086,180.079189474441,0.368321312787879,-155.062868287987,178.883544339891,-0.34879408124286,156.083176335818
-179.873760280612,0.086421247061265,-155.064947516996,-180.101875809163,-0.355036728798745,154.890708495909,179.146544592234,0.0327680385685237,-153.946561701059,181.546674128821,-0.727824956986782,157.981430812322,180.06804785886,0.364561308502969,-155.031385534826,178.912071498566,-0.358020334962544,156.078792054917
-179.873545233639,0.0865479413079825,-155.065210498166,-180.104021551038,-0.35698624677324,154.890859275424,179.156124803973,0.0505736712643434,-153.910896387969,181.535682725933,-0.728985001455594,157.961539027119,180.057388745395,0.361163740861466,-154.998795763893,178.940543807878,-0.368697070937019,156.072209962546
-179.873369226858,0.0866465549903875,-155.065505984204,-180.106105403158,-0.358193187942163,154.891115572667,179.166038767858,0.0685278088416555,-153.876126089397,181.525903314885,-0.730357316072516,157.936566107727,180.047607268792,0.358090455576295,-154.965854580321,178.968354949827,-0.380346599709359,156.063071532272
-179.873229586923,0.0866863653954966,-155.065824896051,-180.108058170115,-0.358780101601776,154.891458799878,179.17602521604,0.0861327733685345,-153.842898487726,181.517349410287,-0.731906307143516,157.906853943688,180.039058651217,0.355348662785097,-154.933251847416,178.99507749008,-0.392361539313343,156.051036310288
-179.873133431761,0.0866278182368204,-155.06615020528,-180.109821043164,-0.358864200282564,154.89187200926,179.185965633379,0.10296707629871,-153.811650724385,181.509815727109,-0.733436207839175,157.872921805415,180.032048621195,0.353022231541737,-154.901481921937,179.02048107576,-0.404089185297689,156.035931622691
-179.873091252702,0.0864312762475805,-155.066464009824,-180.111349484843,-0.358560248045231,154.892340050547,179.195883645386,0.118741722546949,-153.782641141641,181.5029165687,-0.734690135606021,157.835373429511,180.026773632978,0.351232456886269,-154.870878663354,179.044521280487,-0.414909158280307,156.017747833073
-179.873120190646,0.0860905516088493,-155.066738840508,-180.1126164657,-0.357955497794119,154.892858968221,179.205926861899,0.133344792019984,-153.755970610753,181.496160634694,-0.735378110923931,157.794711115347,180.023286754161,0.350059957926742,-154.84169887456,179.067325825264,-0.424303416962299,155.996545179712
-179.873241461632,0.0856289834771383,-155.066950131219,-180.113614806669,-0.357051421376126,154.893424001585,179.216343592046,0.146841728781437,-153.731616655907,181.489002055466,-0.735157010602383,157.751210897754,180.021523955264,0.349486085817823,-154.81414637039,179.089182853096,-0.432056973432684,155.972458394336
-179.873464375331,0.0850538290044691,-155.067099850839,-180.114352083078,-0.355806278320707,154.893997114436,179.227455264951,0.159391932229459,-153.709571081513,181.480885052942,-0.733639699296451,157.704956978174,180.021343448039,0.349398055198854,-154.788406917671,179.11049444329,-0.438282184800977,155.945766075248
-179.873788430646,0.0843787972486294,-155.067205498597,-180.114846075169,-0.354155848529073,154.89452536864,179.239618876929,0.171135636308745,-153.689906829965,181.471348636958,-0.73047730414847,157.655949597999,180.022534656154,0.3496333520978,-154.764699818286,179.131680835087,-0.443186507431984,155.916878459376
-179.874214637765,0.0836399143080608,-155.06727241986,-180.115132074802,-0.351973792719662,154.894969436828,179.253165180859,0.182184748943611,-153.672756587608,181.460145924247,-0.725496430563325,157.604206371502,180.024836185057,0.350015283973059,-154.743263212634,179.153062037635,-0.446887271449775,155.886305424405
-179.874754310438,0.0828650279193789,-155.067287149971,-180.115248348354,-0.349104060169951,154.895287599553,179.268351408005,0.192649664853687,-153.658290278294,181.447330046576,-0.718769844494175,157.549816757776,180.027951345824,0.35037125294535,-154.724317215509,179.174804300887,-0.449358745138298,155.854573309636
-179.875421386993,0.0820626686594756,-155.067236345002,-180.115214621919,-0.345400265266914,154.895432972069,179.285355436149,0.202598577422942,-153.646720102943,181.433292768295,-0.71055616477815,157.49291398782,180.031542530693,0.350512968547832,-154.708013576216,179.196885310929,-0.450587121041563,155.822087651643
-179.876221900876,0.0812323135633623,-155.067121237384,-180.115045680339,-0.340728882013968,154.895379646907,179.304283684688,0.212059586751008,-153.638379385333,181.418711081736,-0.70118290132644,157.433562352564,180.035241368143,0.350269462419472,-154.694419562422,179.21905793003,-0.450615506814507,155.789121291973
-179.877146675392,0.0803888889969515,-155.06694005904,-180.114757569155,-0.33493818567378,154.895132613049,179.32515596782,0.221032625253005,-153.633755840427,181.404426844939,-0.69094461944034,157.371610642213,180.038670806396,0.349536123320333,-154.683631004779,179.240891109678,-0.449431960744584,155.755921557558
-179.878170858663,0.0795576461956752,-155.066688799513,-180.11436247588,-0.327838376250518,154.894696856377,179.347834704008,0.229428973378353,-153.633535663591,181.391196799353,-0.680069191576271,157.306777123747,180.041515431005,0.34821478236262,-154.675866642011,179.261855703337,-0.447026018082109,155.722760740673
-179.879272396563,0.0787525186728451,-155.06638066564,-180.113892862943,-0.319220300684072,154.894044370607,179.371993593538,0.237057619360493,-153.638630005918,181.37942413696,-0.668723740560448,157.238970586217,180.043607327807,0.346210589430818,-154.671489599206,179.281440973912,-0.443480887193121,155.68987987267
-179.880436496813,0.077979559289452,-155.06603694795,-180.113391076129,-0.308875219606836,154.893127462358,179.397162089446,0.243652110756748,-153.6500119172,181.369121861241,-0.656995755100378,157.168487823619,180.04495381572,0.34346780678705,-154.670991142128,179.299251176148,-0.438870958406752,155.657535881315
-179.881645138924,0.0772288081430536,-155.065675097867,-180.112877365227,-0.296623881435119,154.891913046035,179.422794334621,0.248906824097055,-153.668481713159,181.359997177327,-0.644891993746686,157.096019476498,180.045714705553,0.339971695248414,-154.674878838219,179.315017152404,-0.433067572378952,155.626253380102
-179.882884326412,0.0764726413354151,-155.065309088882,-180.11235826663,-0.282370937265754,154.890399137413,179.448377214515,0.252583549971288,-153.694422190266,181.351569778677,-0.632403803994197,157.022486565276,180.046142956672,0.335763509058434,-154.683523903261,179.328607065873,-0.425804148819672,155.596874214427
-179.884148411393,0.0756815095186686,-155.064954465766,-180.111815005467,-0.266203527046039,154.888607864885,179.473539669908,0.254611029749163,-153.727593643062,181.343329866255,-0.619586795388851,156.94871655621,180.046519241061,0.330921311395915,-154.697014936675,179.340055919978,-0.417000051173873,155.570328105479
-179.885432298394,0.0748203398366757,-155.064627497905,-180.111191409628,-0.248411436101104,154.886593345836,179.49810304071,0.255053163159531,-153.767152357569,181.334841109311,-0.606518073664623,156.875125505297,180.047114641566,0.325543422601579,-154.715106340539,179.349555632798,-0.407035326353789,155.547462901583
-179.886721944691,0.0738680773677558,-155.064344461096,-180.11042257378,-0.229384832631743,154.884441812297,179.522080622341,0.254036689898898,-153.811851460412,181.325785098045,-0.593243100506649,156.801678782331,180.048155324441,0.319721925846105,-154.737317524444,179.357448833555,-0.396632164586199,155.528783582112
-179.887983087344,0.0728341101531368,-155.064125783539,-180.109457717648,-0.209561799798543,154.882242601915,179.545636350269,0.251764534692696,-153.860298790223,181.315992839915,-0.579853255057566,156.728211083141,180.049781760028,0.313498339073457,-154.763064749136,179.364223699331,-0.386441815634067,155.514141630649
-179.889190409814,0.0717325092535421,-155.063980398148,-180.108274207292,-0.189420244680294,154.880075278162,179.569019070782,0.248488986607283,-153.911240002212,181.305436416782,-0.566474071005155,156.654747710191,180.052058484781,0.306921924500845,-154.791771522504,179.370426160724,-0.376829163891307,155.502844200959
-179.890349592507,0.0705805419824019,-155.063898768963,-180.106886230146,-0.16943042188749,154.878004674042,179.592491846624,0.244429426009653,-153.963717518391,181.294196272347,-0.553213661036215,156.581616582337,180.055004519588,0.300061215379847,-154.822913857387,179.376560475388,-0.36789342590328,155.493978866068
-179.891479849924,0.0694068945581903,-155.063857492805,-180.105334992747,-0.150033015248883,154.876082270979,179.616258521496,0.239782720759342,-154.017040511442,181.282481316566,-0.540271951517303,156.509374917883,180.058614628159,0.29289173390899,-154.855975990418,179.383044055649,-0.359666869795584,155.486593672336
-179.892605001797,0.068233608531558,-155.063832687008,-180.103666884645,-0.131626458402557,154.874357067743,179.640427259561,0.234736400180279,-154.070773121807,181.270661047095,-0.528022418485537,156.438545736753,180.062880132127,0.285318483383017,-154.890445843765,179.390142740676,-0.352265749952433,155.479861191212
-179.893742203873,0.0670715107075247,-155.063810240802,-180.101912236344,-0.11455942476469,154.872874610199,179.665033117561,0.229427077815491,-154.124778106582,181.259241533102,-0.516921382834283,156.369371962444,180.067784282335,0.277258012597529,-154.925877842369,179.397945332618,-0.34575863140097,155.473117838614
-179.894893841188,0.065932244103405,-155.063765184626,-180.10008766332,-0.0991283814346887,154.871666980646,179.690059602939,0.223934314911907,-154.179155903188,181.248808992057,-0.507410612584819,156.301789840532,180.073327317115,0.26862347258975,-154.96190070786,179.406398436131,-0.340147897899695,155.465708338986
-179.896056138136,0.0648420263670559,-155.063664987496,-180.098217578734,-0.0855434060610744,154.870754875573,179.715428890451,0.218306165203623,-154.234129693029,181.239950060119,-0.499908528932448,156.235540999965,180.079588804751,0.259366521200137,-154.998245291475,179.4153419173,-0.335484492885051,155.456919276219
-179.897221038553,0.0638464773003759,-155.063495788927,-180.09633685989,-0.0738987891872074,154.870135470749,179.741013341149,0.212584189111554,-154.289971495483,181.233137129715,-0.494804657036331,156.170321398331,180.086750161742,0.249489532995125,-155.034781488018,179.424576869881,-0.331826069745619,155.44607568147
-179.898377604663,0.0629773823391899,-155.063263208975,-180.094478119026,-0.0641783591254674,154.869778603312,179.766693566084,0.206793807335608,-154.346943082159,181.228634870616,-0.492412275616807,156.105887559285,180.095070211819,0.238947648901301,-155.071417983439,179.433951641853,-0.329223310975326,155.432638277407
-179.89953220773,0.0622230028652878,-155.062968904187,-180.0926800979,-0.0562831117793456,154.869652893137,179.792437035892,0.200913896327333,-154.405256449241,181.226468702926,-0.492881814348704,156.042047193893,180.104825541534,0.227646402604272,-155.108062505305,179.443412423431,-0.327742940563843,155.416237304321
-179.900709189169,0.0615475332685249,-155.06260203923,-180.090988430332,-0.050058412552482,154.869731720018,179.818331382401,0.194861229824676,-154.465036592819,181.226442579692,-0.496115025511199,155.978632190451,180.116259930394,0.215513534541025,-155.144687475424,179.45298703733,-0.327418693768089,155.396744086966
-179.901926295615,0.0609112038128668,-155.062151905666,-180.089420256633,-0.045301974444191,154.869992936151,179.844606966977,0.188527441463847,-154.526281839019,181.228207410679,-0.501778720177334,155.915537516999,180.12957421766,0.202544644253403,-155.181329763253,179.462740008279,-0.328238736997236,155.374356890166
-179.903190643849,0.0602781648075648,-155.061622295762,-180.0879622093,-0.0417675133368116,154.870404421521,179.871639512468,0.181863637695687,-154.588821877594,181.231378153518,-0.509439137891082,155.852784976935,180.144905919484,0.188806256341892,-155.218054866456,179.472771111163,-0.330142344221654,155.349561882442
-179.904496758682,0.0596085315209623,-155.061028007826,-180.086591424613,-0.0392007878705844,154.870918071744,179.899817725388,0.174911172798386,-154.652266416714,181.235647812164,-0.518690276452987,155.790514433419,180.162321792519,0.17441640387951,-155.254939536019,179.483199731554,-0.332999713125743,155.322968930399
-179.905820516161,0.0588594529369163,-155.060382421738,-180.085282348197,-0.0373857895558521,154.871498560681,179.929352024003,0.167793765576139,-154.716045305073,181.240836910606,-0.529223940678593,155.728830793421,180.181851829214,0.159553206642292,-155.292072100665,179.494123615103,-0.336638174789163,155.295129147441
-179.907133227333,0.0580139075754414,-155.059711440169,-180.084017800061,-0.0361703497203845,154.87211680117,179.960266277217,0.160692954587997,-154.779530060621,181.246895126524,-0.5408370166013,155.667641836578,180.203510331481,0.144435945298135,-155.329498421858,179.50563645719,-0.340864273147549,155.266397757601
-179.90841192323,0.0570653827183655,-155.059035687529,-180.082778897261,-0.0354524991964275,154.872740000216,179.992611505043,0.153761980760833,-154.842190541605,181.253868666638,-0.553368807333037,155.606651049905,180.227284380108,0.12927940304799,-155.367163149525,179.517840605495,-0.345489542354529,155.236864959931
-179.909638272951,0.0560020532222314,-155.058347662815,-180.081527447483,-0.0351587432525416,154.873361682588,180.026558287862,0.147066670757793,-154.903794185718,181.261856489843,-0.566655529471056,155.545534462306,180.253121629993,0.114268742213039,-155.404982849877,179.530836085368,-0.350362758394802,155.206467764902
-179.910789420832,0.0548049628892168,-155.057637332698,-180.080220447873,-0.0352437371447551,154.874000432002,180.062263114028,0.14063257817629,-154.964491554924,181.270972942396,-0.580517146745768,155.484200889663,180.28095108108,0.0995517458917079,-155.442969363449,179.544702772604,-0.355317309141619,155.175222146031
-179.911836727091,0.0534644247130038,-155.056907093087,-180.078835870986,-0.0356707404088307,154.874665270998,180.099756806419,0.134491793586052,-155.024660190783,181.2813093599,-0.594756533331304,155.422945507661,180.310699767783,0.0852529160156466,-155.481288403355,179.559473451757,-0.360045932706438,155.14335164836
-179.912772077323,0.0519999948026594,-155.056173441184,-180.077372976149,-0.0363728823495251,154.875352871239,180.138959474958,0.128675809300647,-155.084615993718,181.29292695624,-0.609167330510701,155.362412098905,180.342280751998,0.0714754571114991,-155.520233190539,179.575157969127,-0.36407946670619,155.111312855843
-179.913606178518,0.0504100921279252,-155.055458531562,-180.075841877769,-0.0372521647659005,154.87605992237,180.179776664383,0.123218736289727,-155.144383111724,181.305872267281,-0.623565945127334,155.303439230078,180.375570393781,0.058317704452939,-155.560094602977,179.591781665408,-0.366986596784705,155.079741198527
-179.914334938119,0.0486833732223139,-155.054788152959,-180.074255736001,-0.0382212721820612,154.876787968569,180.222157536499,0.118145161977239,-155.203613646477,181.32017438972,-0.637861358887086,155.246896138527,180.410392052753,0.0459035753929434,-155.600946656075,179.609390198645,-0.368485084751809,155.04928527726
-179.91493987074,0.0468496225896482,-155.05419469574,-180.0726205452,-0.0392312983224508,154.877542259128,180.266052727414,0.113474834001024,-155.261572171181,181.335800659389,-0.652015516443195,155.193547900873,180.446543406726,0.0343320756139841,-155.642428412516,179.628062964526,-0.368379143991918,155.020465141274
-179.915392302784,0.0449640074515038,-155.053695834172,-180.070937039469,-0.0402556491868925,154.878311934787,180.311354564982,0.109258907307843,-155.317163962948,181.352606427711,-0.665949295855749,155.143981927788,180.483833565208,0.023630325808729,-155.683729149442,179.647931886632,-0.366617431605108,154.993667815469
-179.915665449604,0.0430902029673384,-155.053288047633,-180.069216215077,-0.0412582153156682,154.879078793576,180.357880177925,0.105546310055971,-155.369129177677,181.370352699707,-0.679573090049178,155.098612034011,180.522090711731,0.0137740493246402,-155.723843350678,179.669155358849,-0.363288663914995,154.969226643649
-179.91575822927,0.0412965798864856,-155.052961074149,-180.06748111857,-0.0421704162538769,154.879833626486,180.405360828523,0.102307482136551,-155.416306672875,181.388773686008,-0.692792834365676,155.057734317891,180.561171454955,0.00468138123824135,-155.761805965812,179.691869315863,-0.358518623519933,154.947479249606
-179.91568923046,0.0396560086778075,-155.052718567147,-180.065758962777,-0.0428831516788603,154.880560308786,180.45342804531,0.099411603588008,-155.457772065988,181.407647158176,-0.705481455518204,155.021588525734,180.600968059822,-0.00381404647995576,-155.79676530178,179.716164265876,-0.352482167210009,154.928728715459
-179.91549163421,0.0382372293393419,-155.052579421906,-180.064080059956,-0.0432872462807242,154.881233265959,180.501628934495,0.0966631042281095,-155.492858401642,181.426856849009,-0.717549332871364,154.990428847385,180.641375367689,-0.0119524622451659,-155.827987431955,179.742083182437,-0.345381920033276,154.913213948251
-179.915194828537,0.0370807080417356,-155.05255019155,-180.062471620943,-0.043299587291294,154.881834588087,180.549468680295,0.0938411308889061,-155.521140328122,181.446412560452,-0.72902322728599,154.96464890814,180.682226994711,-0.0199716494603718,-155.854799631645,179.769607308082,-0.337401569240463,154.901212424618
-179.914810896399,0.0361993078736403,-155.052627777024,-180.060962446001,-0.0428395313551772,154.882348080246,180.596436593728,0.0907655371121906,-155.54237251892,181.466418105569,-0.740042324838172,154.94490351254,180.723266268447,-0.0280383964003985,-155.876558886786,179.798613078586,-0.328741704277641,154.893213430023
-179.914348440262,0.0356040203874286,-155.052811140302,-180.059586143579,-0.0418635983383513,154.882740632601,180.642035989642,0.0873783608579045,-155.556377631871,181.4870259432,-0.750739571199745,154.932110542825,180.764170584051,-0.0362596145771598,-155.892721261814,179.828866218023,-0.319580853792977,154.89000550045
-179.913817218315,0.0353096411644701,-155.053091463898,-180.058364282282,-0.0403869173710083,154.882981318139,180.685833928253,0.0837299935898303,-155.563005792691,181.508374197002,-0.761132496275471,154.927268804726,180.804582356482,-0.0446778468970657,-155.902930054626,179.860089457427,-0.310034093079384,154.892476790665
-179.913221991003,0.0353139034461988,-155.053454273838,-180.057299335037,-0.0384411293262602,154.883065277374,180.727493296492,0.0798914389145633,-155.562214655782,181.530497746073,-0.771159256903217,154.931183994533,180.844118277637,-0.0532644643819802,-155.90709767944,179.892016648504,-0.300308738701918,154.901273436094
-179.912554530609,0.0356103042519282,-155.05389527768,-180.056384114373,-0.0360560136261853,154.883012447869,180.766799112272,0.0759018108952601,-155.554142286837,181.553277970541,-0.78073119501946,154.9442438647,180.882387426348,-0.0619843869761677,-155.905403064306,179.924403338754,-0.290724327907163,154.916645000053
-179.911802058494,0.036203464799417,-155.054427478946,-180.055608759558,-0.0332366169572949,154.882837657881,180.803635808244,0.0717854079339069,-155.539137190276,181.576466545209,-0.789722191961248,154.966304224815,180.919030356437,-0.0707930983575246,-155.89819463152,179.957048285502,-0.281557184870484,154.938447690445
-179.910962219471,0.0370966794360418,-155.05506265979,-180.054966912638,-0.0299545386208785,154.882527883683,180.837929219432,0.0675746220489189,-155.517764386073,181.599739405754,-0.798002942509871,154.996769693514,180.953751216175,-0.0795864752550089,-155.88594898859,179.9898238394,-0.273021797045902,154.966226778997
-179.910040269365,0.0383061620441968,-155.055806583411,-180.054469637158,-0.0261824829628146,154.882067963128,180.869611162267,0.0632834399105505,-155.490693607255,181.622765892832,-0.805522640674745,155.034805751237,180.986311454307,-0.0882369264969537,-155.869240278058,180.022666703427,-0.265263996529315,154.999403701939
-179.909052633502,0.0398445825366795,-155.056674321091,-180.054144452062,-0.0219216566415827,154.881460362335,180.898587475071,0.0588909618030725,-155.458530617892,181.645281144005,-0.812294566765467,155.079520794756,181.016529324099,-0.0966757501842135,-155.848628639148,180.055549313374,-0.258362931358643,155.03744674974
-179.908014821998,0.0416936098471269,-155.057673571668,-180.054010860724,-0.0172237015127641,154.880716307706,180.92473380165,0.0543480461889754,-155.421723376525,181.667121095803,-0.818327621170308,155.130128544806,181.044319782827,-0.104921866894276,-155.824527890098,180.088439237697,-0.252353708891752,155.079929962974
-179.906926294796,0.0438150257173572,-155.058782677329,-180.054081317093,-0.0121855149443513,154.879844007165,180.947906551295,0.0495783983361008,-155.380493590854,181.68820778354,-0.823611848901585,155.186068161702,181.069683570685,-0.113053188543909,-155.797093855583,180.121262927668,-0.247218044600098,155.126546020958
-179.905793005972,0.0461698517917722,-155.059967531812,-180.05435327227,-0.00687317621284161,154.878844349316,180.967931531527,0.0445001944758208,-155.334773033728,181.708486657931,-0.828120297669157,155.247049751144,181.092672595953,-0.121201865086835,-155.766146413994,180.153931727682,-0.242925689853132,155.177092005616
-179.9046257627,0.048729414417472,-155.06120431383,-180.054806784994,-0.0013527237763278,154.877721998718,180.984601585348,0.039038926667198,-155.284212343995,181.72789205389,-0.831806084451782,155.313071510904,181.113394839929,-0.129467061722067,-155.73123759533,180.186372607606,-0.239419507102861,155.231413060841
-179.9034242254,0.0514797007429099,-155.062477818195,-180.055420485866,0.00429834514847265,154.876489065689,180.997699969692,0.0331377334798154,-155.22827630341,181.746375963234,-0.834609928959107,155.384362552096,181.132007361408,-0.137794656852914,-155.691854835759,180.218502807805,-0.236561707815433,155.289344637498
-179.902193995181,0.0544093992499414,-155.063770546618,-180.056181921806,0.0100289418961846,154.875153579876,181.007033416137,0.0267947555711672,-155.166369806953,181.763939578306,-0.836483745550058,155.461288295544,181.148671144165,-0.146028049882407,-155.647538252756,180.250191574731,-0.234199411636116,155.350762911291
-179.900963507262,0.0574989121303681,-155.065063806616,-180.057103758785,0.0157911189393937,154.873724895771,181.012466977077,0.0201090851413841,-155.09794056889,181.780631503287,-0.837407929851335,155.544287023176,181.163516281868,-0.154007857833332,-155.597898100698,180.281246851585,-0.232226725272359,155.415702497404
-179.899767367618,0.0607316716294306,-155.066347943683,-180.05820893089,0.0215345166052353,154.872222483311,181.013933391803,0.0132875543578043,-155.022537364129,181.796536369999,-0.837403521278632,155.633814284276,181.176641260839,-0.161643046862769,-155.542616570095,180.311421499092,-0.23054921759551,155.484337149027
-179.898625675276,0.0640763814896997,-155.06762525536,-180.059513232076,0.0271846981635578,154.870668286104,181.011428065488,0.00657197826249094,-154.939877891463,181.811742113449,-0.836537212397586,155.730205165772,181.188099386658,-0.168910956332386,-155.48147954259,180.340434385221,-0.229111087991198,155.556827434816
-179.897552699168,0.0674834077292941,-155.06890714297,-180.061017011194,0.0326220232907837,154.869080800605,181.004999367794,0.000152685448198681,-154.850035272917,181.826272926565,-0.834895838376852,155.833439619173,181.197898643549,-0.17575990647247,-155.414462172441,180.368026085932,-0.227896139073268,155.633152122606
-179.89657185667,0.070904949808427,-155.070192833501,-180.06269506455,0.0377200655527197,154.867484669795,180.994716136771,-0.00585719156320891,-154.753659044241,181.840054436695,-0.832575776060627,155.942992288313,181.206049933482,-0.182115869484827,-155.341757283851,180.394004702437,-0.226832495712747,155.7130126936
-179.895712784044,0.0742821112347036,-155.071458203002,-180.064508365358,0.0423941858319673,154.865913123959,180.980671129757,-0.0114185647596799,-154.651976611518,181.852926964114,-0.829677285227786,156.057828653045,181.212590000455,-0.187906354424839,-155.263824343551,180.41824495558,-0.225811661459374,155.79584975448
-179.894999739565,0.0775404527505331,-155.072685474955,-180.066426857711,0.0466020675479211,154.864386158257,180.963011000279,-0.0165559568701138,-154.546589996756,181.864685375828,-0.82623770950658,156.176549137577,181.217564932168,-0.193024975036542,-155.181516069194,180.440672503453,-0.224753435115638,155.8809556526
-179.894447286401,0.0806044397334901,-155.073876349675,-180.068423897589,0.0503385641641304,154.862908305844,180.941942627686,-0.0213291818357995,-154.439300258829,181.875133443652,-0.822185056813691,156.29759149002,181.221041348737,-0.197390926647593,-155.096112514176,180.461231436022,-0.223601921243213,155.967589142491
-179.894066256217,0.0834128155895595,-155.075037980768,-180.0704627642,0.0536508556618769,154.861490848591,180.917740751888,-0.0258010178519955,-154.331986169147,181.884135368761,-0.817421538526167,156.419283070255,181.223119288225,-0.200934994453158,-155.009195691033,180.479867297628,-0.222309501994074,156.054891542469
-179.893858816333,0.0859225680439063,-155.076167388652,-180.072494828784,0.0566349031901348,154.86014986856,180.890780635424,-0.0299901014913513,-154.226440485518,181.891645205102,-0.81194700731819,156.539782206733,181.223910863691,-0.203511498205242,-154.922418064656,180.496542582398,-0.220838933264074,156.141721283978
-179.893820760475,0.0880922666877055,-155.077258642214,-180.074476956943,0.0593705704003061,154.858890606443,180.861584181449,-0.0338508965017958,-154.12420376256,181.897720816839,-0.805876585283326,156.65709650398,181.223528782329,-0.204981205980613,-154.837283147111,180.511230220517,-0.219166608527203,156.226693976816
-179.893957884279,0.0898824639442678,-155.078313118498,-180.076385537312,0.0618759284680925,154.857709897091,180.830812334782,-0.0372832039307368,-154.026464920654,181.90250515834,-0.799375573693178,156.769291104862,181.222102552038,-0.205297008504231,-154.755034984084,180.523893509858,-0.217247200923138,156.308397773982
-179.89427446412,0.0912835803211235,-155.079314235312,-180.078204156059,0.0641156966059875,154.856607630026,180.799173545865,-0.0401541904379157,-153.934036180438,181.906165154432,-0.792589574906465,156.87479575231,181.219794420863,-0.204489409546228,-154.676646443501,180.53447933613,-0.215069582866859,156.385639028799
-179.894755037627,0.0923266666171952,-155.080241520001,-180.07990864889,0.0660333924721456,154.855586017574,180.767327921816,-0.0423518623888318,-153.847455601635,181.908850163742,-0.78561325537848,156.972551203262,181.216785568433,-0.202658307723633,-154.602824301522,180.542917634867,-0.212698947247072,156.45755164431
-179.895364252575,0.093058469438012,-155.081086261478,-180.081464992918,0.0675863936504541,154.854648944999,180.735834891408,-0.0438099132905829,-153.767172414372,181.91066817141,-0.778522553079683,157.061912638251,181.213246274752,-0.199916473341649,-154.534034511485,180.549136124173,-0.210167156387844,156.523543640616
-179.896061456806,0.0935224474338477,-155.081834980326,-180.082838065906,0.0687576663260864,154.853806126069,180.705102957171,-0.0445116673506432,-153.69367742893,181.911649919828,-0.771393530241528,157.142514389689,181.209319285707,-0.196371152856712,-154.470624283449,180.553096883787,-0.207454379586181,156.583214247788
-179.896817184697,0.0937505351059404,-155.082485062027,-180.084002501514,0.0695486915224282,154.853066743408,180.675374590602,-0.0445305227952367,-153.627501177961,181.911740761876,-0.764301339070994,157.214234786578,181.205117375128,-0.192157429126563,-154.412939869321,180.554842042831,-0.204538422141082,156.6362838193
-179.897607107758,0.0937618846895931,-155.083046999565,-180.084954982937,0.0699652721960552,154.852439299267,180.646766647877,-0.0440455369061356,-153.569082733566,181.910840508178,-0.757315009003558,157.277191478957,181.200754915142,-0.187403964728891,-154.361320139122,180.554483135251,-0.201406991170637,156.682560049453
-179.89840748638,0.0935600154223529,-155.083531622193,-180.085714020182,0.0700168273433236,154.851936198134,180.619295121571,-0.0432751382905511,-153.518635220745,181.908856379566,-0.750462386032123,157.331682902923,181.196385893731,-0.18221309829439,-154.316023975111,180.552157740515,-0.198057069664653,156.721961072959
-179.899200324666,0.0931342807018712,-155.083944982637,-180.086290843658,0.0697116044914865,154.851572449758,180.592883319856,-0.0424484257116471,-153.476111236513,181.905753918166,-0.743769581897746,157.378044850926,181.192194374621,-0.176616254484506,-154.277196871234,180.548028229988,-0.194502148668578,156.754553091671
-179.899967682637,0.0924812871127888,-155.084279866239,-180.086686113747,0.0690584342924279,154.851355201622,180.567386754709,-0.0418050135068659,-153.441226231808,181.901612357009,-0.737347588553533,157.4165148834,181.188377047441,-0.170541713732161,-154.24489818408,180.542289560229,-0.190783101306429,156.780536977034
-179.90069179628,0.091604262339599,-155.084519122041,-180.086911091159,0.0680667148420519,154.851280662055,180.542637815692,-0.0415275328167576,-153.413465192334,181.896623180291,-0.731392869173191,157.447280784435,181.185115177679,-0.163910046235316,-154.219068470477,180.535155549625,-0.186932382327079,156.800211533848
-179.901359737723,0.0905123774053922,-155.084657293542,-180.086975190804,0.0667315969865126,154.851346185672,180.518508113115,-0.0417118320102876,-153.392115607375,181.891017701895,-0.726096911363847,157.470692753603,181.182511144369,-0.156708116925098,-154.199436213671,180.526852293419,-0.182984113727169,156.813999028409
-179.901953426379,0.0892381883798395,-155.084712098185,-180.086877548476,0.0650650789121512,154.851550042252,180.494926833175,-0.042389656144148,-153.376322808906,181.884999245849,-0.721573807562169,157.48744440756,181.180580074368,-0.148964970543202,-154.185514732533,180.517627477432,-0.179025082076719,156.82250194088
-179.902451004701,0.0878259801356582,-155.084709074646,-180.086614512284,0.0631518768844981,154.85187708753,180.471846042105,-0.0435424027356748,-153.36515472667,181.878726909637,-0.71786038302145,157.498608902139,181.179284008867,-0.140739512996733,-154.176701352293,180.507738239803,-0.175175368915435,156.826498336711
-179.902846999424,0.0863276861713011,-155.084664878018,-180.086183825419,0.0611344995974736,154.852292991195,180.449246991609,-0.0450991620157487,-153.357657701395,181.872326100598,-0.71493402889373,157.505550924428,181.178522113046,-0.132173446836732,-154.172323890681,180.497435459134,-0.171529854919886,156.826895660893
-179.903149545913,0.0848242349272965,-155.084598184822,-180.085602069508,0.0591436820557125,154.852759269651,180.42716272019,-0.0469515941459708,-153.352818713314,181.865897706697,-0.71274464224703,157.509777634581,181.178143547627,-0.12352338453677,-154.171507806696,180.486994262588,-0.168127896608159,156.824648123884
-179.903373067295,0.0833793401429401,-155.084538085345,-180.084904307646,0.0572732358371255,154.85324488461,180.405659317069,-0.0490179926447341,-153.349539454016,181.859541647285,-0.711246868623512,157.51274235124,181.177996644451,-0.115081003826634,-154.173117021095,180.476728125082,-0.165006599305624,156.820649847503
-179.90354131235,0.0820221348808319,-155.084501998881,-180.084130155142,0.0555962777332807,154.853725452344,180.38480651782,-0.0512721325662449,-153.346696322044,181.853355991679,-0.710399599148507,157.515644260177,181.177900678911,-0.107101024125601,-154.175963737754,180.466942126473,-0.162331751380831,156.815658878233
-179.903674299157,0.0807951925646374,-155.084488401234,-180.083322077046,0.0541687201168545,154.854173060745,180.364651229911,-0.0537022337791799,-153.343257879791,181.847387784947,-0.710193877870134,157.519287501372,181.177596095446,-0.0998565491917995,-154.178977728094,180.457902131802,-0.160404909927157,156.810228414647
-179.903778714485,0.0797639810978292,-155.084495357225,-180.082508732829,0.053020847529507,154.854557987102,180.345188693233,-0.0563068130597819,-153.338466794263,181.841583097027,-0.710694460570683,157.524033435251,181.176814162562,-0.0936252633974793,-154.181259210288,180.44983666524,-0.159522235916252,156.804648372419
-179.903855835171,0.0790112113042316,-155.084525372376,-180.081692720149,0.0521718684973047,154.854873499609,180.326327197268,-0.059153163962242,-153.331985852398,181.835765949831,-0.711976911837396,157.5298466521,181.17538390246,-0.0886098613706942,-154.182227568149,180.442944104448,-0.159938005738761,156.798941047499
-179.903912422479,0.0786025538264643,-155.084574939455,-180.080866269073,0.0516757741428885,154.855130623555,180.307877795682,-0.0623878821453244,-153.323911152334,181.829676311065,-0.714027304355584,157.536387304036,181.173256965282,-0.084969238970343,-154.181770923474,180.437388031937,-0.161938580118845,156.792931832674
-179.903968610115,0.0785544303600966,-155.084640800543,-180.080019441309,0.0516391759685557,154.855334833763,180.289588569238,-0.0662184027274845,-153.314747376425,181.823034380374,-0.716724247670751,157.543181075308,181.170474921313,-0.0828559458308982,-154.180211760318,180.433271092096,-0.165841615042976,156.786400711974
-179.904053877586,0.078844213042945,-155.084734065679,-180.079140814425,0.0521814338025459,154.85548252834,180.271172107781,-0.0709446781198198,-153.305385684351,181.815572348261,-0.719887870084561,157.549826012802,181.167113936708,-0.082385614321369,-154.178155505107,180.430645599687,-0.171941795034705,156.779275183338
-179.904194755162,0.0794200325185566,-155.084862427593,-180.078235968647,0.053395258306801,154.855558624434,180.252307233231,-0.0769484777261114,-153.296929782158,181.807067816039,-0.723320727402863,157.556076660242,181.163250787941,-0.0836047286433881,-154.176356894039,180.429542114508,-0.180593069299241,156.771716166006
-179.904409670713,0.0802047605611581,-155.0850119602,-180.077327863782,0.0553116367626346,154.855535077662,180.232642881646,-0.0846446252087526,-153.290464336907,181.797324411343,-0.726786552272446,157.561882593297,181.158960364788,-0.0864811829451534,-154.175623389435,180.429969537326,-0.192260466518034,156.764077247959
-179.904700620668,0.081122750211604,-155.085166656746,-180.076443062656,0.0579041529622903,154.855379491876,180.211821640464,-0.0944415140562376,-153.286910238554,181.786080000124,-0.730009801740963,157.567430905578,181.154313809688,-0.0909439592688306,-154.176706823541,180.431934632256,-0.207336362701662,156.756834651179
-179.905043591069,0.0821161662554282,-155.085323470786,-180.075610398946,0.0611043361380912,154.855071220165,180.189511260329,-0.106658561503238,-153.286910067933,181.772940560253,-0.732729090715162,157.573002993234,181.149415378781,-0.09694154882707,-154.180131940924,180.435436718667,-0.22603468940012,156.750501337366
-179.905409697392,0.083138502494098,-155.085494079276,-180.074845892639,0.0647941524956886,154.854613358227,180.165490523765,-0.121427963617139,-153.290772529602,181.757406803297,-0.734733021064501,157.578709481269,181.144410864226,-0.104422601310759,-154.186113901867,180.440430942267,-0.248373413123947,156.745565137522
-179.905781145493,0.0841710472790353,-155.085701039416,-180.074141343571,0.0688261382213633,154.854041158562,180.13975445304,-0.138682078944881,-153.298473574412,181.738978926789,-0.735886304548039,157.584316787467,181.13940141477,-0.1133275624388,-154.194648049747,180.446835545986,-0.274181475416933,156.742360761789
-179.906139434527,0.0852161054865917,-155.085960459656,-180.07347011354,0.0730402037673703,154.853422781095,180.112516362321,-0.15823079603347,-153.30981583059,181.717246799092,-0.736139726454277,157.58914330829,181.134402481684,-0.123590697421751,-154.205647497816,180.454549017317,-0.303222150431062,156.740824004782
-179.906465664682,0.086283606205153,-155.086273636932,-180.072797205656,0.0772850033691407,154.85283067514,180.084174145797,-0.179790828246358,-153.324709371877,181.691942895888,-0.735486057531077,157.591932841303,181.129349677483,-0.135077764142633,-154.219129597373,180.463436373455,-0.335226899206793,156.740325812352
-179.906746154143,0.087394851100453,-155.08663516828,-180.072105316227,0.0814202680525904,154.852310159539,180.055274269042,-0.203025665944438,-153.343355348712,181.662967698248,-0.733935367543241,157.590809713318,181.124091807078,-0.147622003573361,-154.235347745368,180.473324832157,-0.369867048715074,156.739628216102
-179.906985934094,0.0885368298417772,-155.087044140831,-180.071390514617,0.0853138955795013,154.851889053701,180.026418012749,-0.227631497249682,-153.366333776678,181.630402145716,-0.731534503263437,157.583390985851,181.118435924675,-0.161059743247272,-154.254810780702,180.484039672553,-0.406777076872382,156.73690684248
-179.907217923385,0.0896658686222408,-155.087493732323,-180.070641216304,0.0888527150011839,154.85159965586,179.998187688483,-0.253344470012548,-153.394510937664,181.594495912494,-0.728388488885512,157.567001599528,181.112211187191,-0.175226284399069,-154.278212583167,180.495435958632,-0.445564487260531,156.729930459359
-179.907490364394,0.0907446974484276,-155.087958685486,-180.069849903475,0.0919452506490252,154.85146729555,179.971175903103,-0.279905720860475,-153.428774136253,181.555616804841,-0.724716906985858,157.53900062574,181.105292342571,-0.189992627436695,-154.306214362637,180.507372754018,-0.485804935531901,156.716393577376
-179.907843052999,0.0917326773037454,-155.088405119128,-180.069012201033,0.0945101085082332,154.851497107293,179.946020839289,-0.30698693233397,-153.469894451888,181.514207866798,-0.720892739495884,157.497141465611,181.097577636925,-0.205292545245067,-154.33923197091,180.519677504647,-0.527045370554095,156.694283029613
-179.908289881614,0.0926114549886968,-155.088807644903,-180.068131082668,0.0964475923234867,154.851688011462,179.923305165888,-0.334126864610655,-153.518773387533,181.470757452516,-0.717390612829885,157.439879908893,181.088966789949,-0.221158745023501,-154.377429575818,180.532147187083,-0.56879002227167,156.662182678196
-179.908834542431,0.0933805578502369,-155.089152867559,-180.067228445338,0.0976473135797697,154.852038894464,179.903660976063,-0.360668883294132,-153.576961780606,181.425730820148,-0.714651450719708,157.36657555411,181.079398880987,-0.237657987723164,-154.420943874351,180.544539740784,-0.610542781434316,156.619459557816
-179.909486737219,0.0940197085945111,-155.089422972553,-180.066335302035,0.0980238860703304,154.852543921537,179.888193371148,-0.385898334081289,-153.646512065182,181.379486716164,-0.712962468097741,157.277537245715,181.068947637379,-0.254841612010851,-154.470242142307,180.556583236359,-0.651873040140782,156.566314374091
-179.91026028712,0.0945314341532615,-155.089601948869,-180.065479804029,0.0975226286033682,154.853198503313,179.878677860579,-0.409540472959065,-153.729003831111,181.332276824326,-0.712413129990664,157.17390229184,181.057902976689,-0.272732792893533,-154.526331154092,180.56803160717,-0.692368377567055,156.503661234036
-179.911167684728,0.0949644522407412,-155.089689702846,-180.064677733814,0.0961377475287086,154.853999122993,179.876652632031,-0.432086100788586,-153.825036074615,181.284354050281,-0.712940777349599,157.057383077285,181.0467626523,-0.29125763060683,-154.590512901571,180.578703917737,-0.731607810989938,156.432770646357
-179.912210673225,0.0953598763862598,-155.089703097555,-180.063935133204,0.0939402241868152,154.854933768544,179.881661682788,-0.45456271271175,-153.934195044078,181.23611266734,-0.714465950327662,156.930029425424,181.036098947598,-0.31028385198416,-154.66378320629,180.588476989861,-0.769202773639722,156.354879467974
-179.913386089716,0.0957059993477813,-155.089662144594,-180.063254965753,0.0910659815020753,154.855979599598,179.891157600063,-0.477786253298585,-154.054494969353,181.188110599554,-0.716987498927768,156.794049902764,181.026344128186,-0.329610850542865,-154.746003614441,180.597238239165,-0.804811629077772,156.271127152227
-179.914685933881,0.0959356016104682,-155.089565194508,-180.062637201377,0.0876769546526723,154.857110915135,179.902256498318,-0.501782875022335,-154.18191191793,181.140965054379,-0.72057215953385,156.65172359483,181.017684888024,-0.348829195666602,-154.835124102545,180.604860993017,-0.838164444001783,156.182685780422
-179.916090042288,0.095957287647356,-155.089384636902,-180.062079687668,0.083913187638112,154.858300666056,179.912938037287,-0.52610537548245,-154.311181349177,181.095246501957,-0.725283219070233,156.505384718169,181.010155881595,-0.367359467313673,-154.927337516171,180.611261279013,-0.869094320345248,156.09082952008
-179.91758480924,0.0956779880464198,-155.08908320014,-180.06157492491,0.0799035685632859,154.859526291584,179.922070205992,-0.550498857979291,-154.437316405982,181.051405256459,-0.731083451653078,156.357382305813,181.003784661205,-0.384680490506914,-155.018419278612,180.61642660035,-0.897514539527968,155.996932655942
-179.919175689678,0.0950304781630223,-155.088645494528,-180.061116470166,0.0757837949080978,154.86077873593,179.92912047413,-0.574855397890638,-154.556519528705,181.00973590956,-0.737746492272676,156.210105163193,180.998647008623,-0.400457725623318,-155.105211617708,180.620374694258,-0.923327331691741,155.902465732361
-179.920863391392,0.0940122051409852,-155.088082698323,-180.060702954232,0.0716815202054408,154.862050200389,179.934119628684,-0.598735033701652,-154.666223126685,180.970376785527,-0.744872392094108,156.06604579233,180.994868959289,-0.414541304992946,-155.186125515322,180.623152509367,-0.946441210225526,155.80907002965
-179.922622442646,0.0926848402353233,-155.087411902871,-180.060327248948,0.0677145018730781,154.863310633535,179.937614952469,-0.621488505974299,-154.764995547864,180.933359467761,-0.752064453619159,155.927758198111,180.992622129611,-0.426958524243346,-155.260639226468,180.624845522518,-0.966890884170927,155.718512673344
-179.924408415595,0.0911335317454267,-155.086658925095,-180.059982839207,0.0639704124807716,154.864504512925,179.940426468455,-0.642733074755302,-154.852486370313,180.898701105116,-0.759062160493819,155.797721686507,180.992068295131,-0.437879011064657,-155.328693423209,180.625540154252,-0.984762737610464,155.632459220425
-179.926167679817,0.0894431196737114,-155.085860169807,-180.059677699203,0.0604868209988564,154.865591414426,179.943332012871,-0.662487246375133,-154.929222637646,180.866433153335,-0.765653084784072,155.678152142665,180.993283109469,-0.447542179758829,-155.390431711193,180.625313688372,-1.00005103498191,155.552317665294
-179.927859933201,0.0876857173325743,-155.085049642639,-180.05942561278,0.0572656928834413,154.866567202653,179.946872634074,-0.680987415366223,-154.996382480366,180.836571303818,-0.771616789436534,155.570696372762,180.996238616347,-0.456197400956328,-155.446024441725,180.624263902241,-1.01271058373311,155.479163579552
-179.929475584702,0.0859087253384177,-155.084249083687,-180.059230471397,0.054286257837507,154.867441586472,179.951366206216,-0.6984208901019,-155.055491900979,180.809133841666,-0.776837750776668,155.476103913621,181.000875806533,-0.464129073002798,-155.495528696997,180.622494811332,-1.02276965761158,155.413636060783
-179.931019269937,0.0841493268911016,-155.08345606855,-180.059088975802,0.051473473393728,154.868225227063,179.956979730874,-0.714774265405518,-155.108047801555,180.784184350575,-0.781346875856874,155.394098395777,181.007181513229,-0.471642982399858,-155.538988985627,180.620100653379,-1.03034409723334,155.355891230425
-179.932501176593,0.0824168010666821,-155.082645066993,-180.058987500986,0.048712929484196,154.868933874574,179.963781026584,-0.729899474245107,-155.155278431193,180.761821416963,-0.785266265154171,155.323491420599,181.015180243883,-0.478979772111219,-155.576708999432,180.617209520686,-1.03564112874824,155.305618542692
-179.933934564765,0.0806853660182826,-155.081787738295,-180.058904290545,0.0459096661159939,154.869591333477,179.97177908563,-0.743664140119159,-155.198163752921,180.742132038727,-0.788772318238721,155.262518688771,181.02490273471,-0.486286375657877,-155.609371705073,180.614020355003,-1.03896411125703,155.262063929319
-179.935324363145,0.0789410721585231,-155.080868505134,-180.058816756576,0.0430002549850889,154.8702221274,179.980981100643,-0.756009164686052,-155.237514435052,180.725140432867,-0.792048731420604,155.209289283966,181.036377690918,-0.493620796742337,-155.637876605864,180.610803845192,-1.04062858936963,155.224192173946
-179.93666006894,0.0772113233314484,-155.079896094388,-180.058698050831,0.0399662997224449,154.870845849856,179.991415785608,-0.766905227776938,-155.273908683376,180.710767026656,-0.795259533004828,155.162113259337,181.049629875942,-0.500992925461156,-155.663080631652,180.607913006021,-1.04094134521852,155.19096119452
-179.937911184232,0.0755539839770627,-155.078897581946,-180.058523851852,0.0368434588970077,154.871477683543,180.0031346251,-0.776356146709621,-155.307576022852,180.698834617172,-0.798526478716573,155.119635211602,181.064693705329,-0.508401809970348,-155.685619853939,180.605768528901,-1.04024624050422,155.161521538309
-179.93904757116,0.0740244901229321,-155.077903896425,-180.058272508078,0.0337083306437247,154.872124264103,180.016207848216,-0.784504598812847,-155.338353617129,180.689118781803,-0.801873427356547,155.080894525411,181.081673959518,-0.515836090476307,-155.705764459483,180.604793898451,-1.03888727282786,155.135317771997
-179.940055333638,0.0726509011478583,-155.076947975688,-180.057939954939,0.0306620472223293,154.872785473826,180.030659464786,-0.791690937866116,-155.365755140157,180.681387344904,-0.805235771773801,155.045402351807,181.100791255193,-0.523279384568902,-155.723373162914,180.60537189305,-1.03717513313127,155.112113959809
-179.94092898758,0.071426799774629,-155.076053897319,-180.057541087303,0.0277987880422996,154.87346543026,180.046363015411,-0.798416283919136,-155.38911428447,180.675368953171,-0.808499477340398,155.013193318103,181.122359583216,-0.530711587475347,-155.738079948178,180.607823187382,-1.0353666467521,155.091935070115
-179.941668781294,0.0703199021730011,-155.075224119576,-180.057084888072,0.0251717914795541,154.874157329623,180.062958336796,-0.805308446442306,-155.407681589723,180.670703674202,-0.811487467462282,154.984734351626,181.146742214444,-0.538054658171261,-155.749550990126,180.612384239607,-1.03364977357032,155.074919284294
-179.94227891985,0.0692878043951323,-155.074453835064,-180.056584126862,0.0228142647392806,154.874827438744,180.079851155732,-0.813083251962979,-155.420633179154,180.666943497967,-0.813934823240263,154.960705414188,181.174295557926,-0.54513942403914,-155.7576147582,180.619206006612,-1.0321579273454,155.061215933437
-179.942776570911,0.0682867322215272,-155.073751586057,-180.056064313754,0.0207757641904421,154.875445876217,180.096290908619,-0.822450218769566,-155.427122660555,180.663560780064,-0.815534096842087,154.941733423991,181.205321809888,-0.551750868145048,-155.76227807997,180.628367817052,-1.03098847808517,155.05101172161
-179.943183960248,0.0672687927305225,-155.073121802737,-180.055550630063,0.0191128997175506,154.876005417659,180.11146979074,-0.834014222429751,-155.426451980235,180.65999132935,-0.816057854394353,154.928164060628,181.240005852981,-0.55768302849017,-155.763689464607,180.639857653838,-1.03019964766725,155.044578787899
-179.943526783763,0.0661792719538607,-155.07255624678,-180.055057338319,0.0178723773225259,154.876502358648,180.124611051201,-0.848174711415492,-155.418282640279,180.655715081705,-0.815431453662334,154.919982798349,181.278351352617,-0.562795838586846,-155.762058482698,180.653531237034,-1.02979519429504,155.042294163236
-179.943851760094,0.0649737524683238,-155.072051295552,-180.054590424655,0.0170870479267937,154.876931116607,180.13502674484,-0.865056083985687,-155.402799358942,180.650328570779,-0.813723014392952,154.9169040512,181.320180425122,-0.567031468605752,-155.757669135524,180.669128953318,-1.02975076554923,155.044545414859
-179.944195952055,0.0636410386668209,-155.071606951822,-180.054158994961,0.0167546281801567,154.877284865571,180.142168572847,-0.884562321425552,-155.380733986445,180.643610411407,-0.811084499755835,154.91852904971,181.3651299288,-0.570407548731249,-155.750993105761,180.686300299657,-1.03005206846496,155.051524858216
-179.94455423184,0.0622052741278826,-155.071225986112,-180.053778524501,0.0168457150233144,154.877556042256,180.145681100664,-0.906444889028659,-155.353276919624,180.635551239578,-0.807651289565649,154.924443546126,181.412597258834,-0.573039274651776,-155.742684605959,180.704607170108,-1.03068090597332,155.063051131389
-179.944903070523,0.0607067289432329,-155.070913211072,-180.053458925135,0.0173479382537591,154.877746107543,180.145450662145,-0.930313014457927,-155.321980072242,180.626351600274,-0.803533577719687,154.934268123875,181.461715424765,-0.575113342900539,-155.73346821396,180.723560105832,-1.03157264308501,155.078548655632
-179.945228724321,0.0592008837106807,-155.070665463852,-180.053196248437,0.0182531436116737,154.877858705035,180.141666745907,-0.955655296094454,-155.288574444555,180.616390204948,-0.798914709030714,154.947703125443,181.511365561628,-0.576805193899115,-155.724040586008,180.742619288998,-1.03263942564765,155.097275922481
-179.945530835611,0.0577771779997931,-155.070478243242,-180.052976673913,0.0195430897728069,154.877894353207,180.134856820493,-0.981856076261626,-155.254668519506,180.606137070232,-0.794074263188891,154.964495490848,181.560188190754,-0.57828471203397,-155.714924074121,180.761204877265,-1.03379984584901,155.118625851091
-179.945820152619,0.0565438490024792,-155.070355554353,-180.052784014471,0.0211687612739703,154.877855874396,180.125834410007,-1.00820751602679,-155.221461745182,180.596051450121,-0.789317552978643,154.984340868717,181.606699819351,-0.579749967457594,-155.706317818701,180.778757380311,-1.0350185926593,155.142198860624
-179.946115804623,0.0556058237384442,-155.070307806495,-180.052610420746,0.0230447803754495,154.877738395246,180.115521711852,-1.0339877482718,-155.189599814126,180.586513991011,-0.78488891649761,155.0068198958,181.649487030462,-0.581357729395703,-155.69815001571,180.794761494245,-1.03633773098522,155.167670787006
-179.946423975927,0.0550625174098851,-155.070349990147,-180.052454781179,0.025102310875362,154.877526569188,180.104747002283,-1.05853990017122,-155.159284390185,180.577796245055,-0.780926398795723,155.031391814411,181.687329844065,-0.583220041633272,-155.690313008346,180.808776845961,-1.03782727974748,155.194657440643
-179.94672064421,0.0550010798407827,-155.07050013947,-180.052311397793,0.0273050249427539,154.877211570984,180.094148816429,-1.08132461996224,-155.130546060825,180.570054081165,-0.777529423116953,155.057447872669,181.719258698497,-0.585445938295984,-155.682824618503,180.82048800509,-1.03957994495946,155.222663941252
-179.94697232783,0.0554724754890403,-155.070778075502,-180.052170618854,0.0296518104326134,154.87679453451,180.084150870355,-1.10196541577935,-155.103406249406,180.563340140606,-0.774821300348812,155.084369158214,181.744588269094,-0.588105521428233,-155.675750240552,180.829728035934,-1.04172241876873,155.251130503579
-179.947153820764,0.0564759147844734,-155.071195006148,-180.052019662298,0.0321787280069875,154.876270102917,180.074984032979,-1.12022701554336,-155.077830861909,180.557640509821,-0.7729021602242,155.111540103704,181.762931730815,-0.591231647501838,-155.669026643116,180.836481724717,-1.04439555363332,155.279512964075
-179.947256378701,0.0579672412556868,-155.07174111874,-180.051839649351,0.0349353430414986,154.875628126177,180.066753997533,-1.13599448256395,-155.053592494344,180.552908543792,-0.771838624042547,155.13843824117,181.774170800886,-0.594856180821859,-155.662385281167,180.840874113194,-1.04769411301872,155.307334482457
-179.947289295058,0.0598694675346681,-155.072381419519,-180.05161723065,0.0379557692472311,154.874869199202,180.05949350788,-1.14927208296199,-155.030237459012,180.549080571286,-0.771714543435405,155.164837922901,181.778425330848,-0.599000381896597,-155.65539432482,180.843131080919,-1.05158556394913,155.334291652073
-179.947262394992,0.0620865023266578,-155.07307679206,-180.05134784853,0.0412377480163141,154.874011535277,180.05317915673,-1.16016917469293,-155.007199796538,180.546079816349,-0.772606177513754,155.190901395225,181.77606517264,-0.603675086459924,-155.647533751169,180.843516096824,-1.05595411910403,155.360424279124
-179.947180706635,0.0645146343810435,-155.073814332761,-180.051038625778,0.0447529255123944,154.87308626869,180.047761979778,-1.16886264836791,-154.983978162662,180.543831105495,-0.774514349226116,155.217092977101,181.76768355633,-0.608909174235325,-155.638280768486,180.842269084149,-1.06067304394694,155.386132446226
-179.947068640704,0.0670524866312963,-155.07459692521,-180.050715383921,0.0484409202622535,154.872124079513,180.043219628463,-1.1755380005393,-154.960251322382,180.542282033868,-0.777352788592268,155.244059702365,181.75399935558,-0.614740298501158,-155.627250288646,180.839572565971,-1.0656096385891,155.411978796285
-179.946964410161,0.0696285082040768,-155.075425361135,-180.050417451401,0.0522048080926927,154.87114965778,180.039542654401,-1.18040501644143,-154.935898479931,180.541382190426,-0.780937951046631,155.272440361796,181.735787822957,-0.62116517971301,-155.614306313849,180.835595353594,-1.0706422453995,155.438461400545
-179.946882216556,0.0722106421473841,-155.076294100005,-180.050183578152,0.0559461135581579,154.870182311952,180.0366666741,-1.18372310076381,-154.910980422844,180.541045190158,-0.784997368665657,155.302615346496,181.713842824139,-0.628114552008191,-155.59954599851,180.830546762224,-1.07568713349431,155.465846279999
-179.94682265677,0.0747842736582707,-155.077188245496,-180.050032222695,0.0595903361117384,154.869236606187,180.034433896436,-1.18578159267973,-154.885648191852,180.541138822114,-0.78929116220733,155.334577589431,181.688927829199,-0.635509511365893,-155.583210431199,180.824681645965,-1.08071869181175,155.494093308293
-179.946795178644,0.0773352041564955,-155.078104984071,-180.049965624046,0.0630914604221753,154.868313628246,180.032594252729,-1.18691184670655,-154.860087534758,180.541504502836,-0.793696479543073,155.368035959415,181.661769219018,-0.643296654425105,-155.565629479953,180.818304052349,-1.08574771350513,155.522953486456
-179.946806016137,0.0798540316148822,-155.079060224252,-180.049982026999,0.0664222415392405,154.867408810879,180.03086730628,-1.18746230902805,-154.834490118946,180.54197566129,-0.798143174294384,155.402648437782,181.633056822959,-0.651412062533995,-155.54716082637,180.811725298884,-1.09080492400363,155.55214071125
-179.946853864354,0.0823345210875703,-155.08005087155,-180.05006687176,0.0695718811679797,154.866532166881,180.029004815042,-1.18775157505611,-154.808960883262,180.542397645584,-0.802576339510059,155.438135713252,181.603424211413,-0.659768744324761,-155.528062298015,180.805204355506,-1.09594574085919,155.581415757712
-179.946936153672,0.0847491340416996,-155.081050007977,-180.050196727278,0.0725293295776655,154.865704572452,180.02679064254,-1.18804195354957,-154.783482633946,180.542676881429,-0.80699185239504,155.47426081373,181.573455673171,-0.668260298849134,-155.508469570809,180.798933297045,-1.10120517039,155.610578638196
-179.947058990542,0.0870544742766192,-155.082027384404,-180.050356634601,0.0752792122253942,154.864945189039,180.024026923035,-1.18849589637127,-154.757992849396,180.54281210323,-0.811458003592194,155.510798135023,181.543690949664,-0.676789798193907,-155.488535389053,180.7930468627,-1.10660233181181,155.639470353254
-179.947240236393,0.0892069957677672,-155.082951140954,-180.050538978444,0.0778128982632829,154.864257177511,180.020524199244,-1.18919888594785,-154.732544077874,180.542878190238,-0.816096746686095,155.547485426928,181.514596248107,-0.685253617140761,-155.468562754483,180.787626968921,-1.11215764018616,155.667968075593
-179.947477995608,0.0911612245684291,-155.083798571321,-180.050747155865,0.0801224726067991,154.863621959962,180.016117658997,-1.19024197014813,-154.707452163681,180.543002059567,-0.821019167853168,155.583987837685,181.48654815863,-0.693512131873381,-155.449021241156,180.782699720254,-1.11785183937145,155.695914587733
-179.947741037579,0.092874944066415,-155.084559375025,-180.050993051753,0.0822008696626518,154.86300957806,180.010734760023,-1.19172785489639,-154.683271673317,180.54334213808,-0.826318934723495,155.619905869287,181.459838608354,-0.701446095666174,-155.430456203579,180.778253333535,-1.12364461247257,155.723082618134
-179.947994907721,0.094321260996736,-155.085223673459,-180.05127539718,0.0840281266888069,154.862396384603,180.004435904137,-1.19371666197925,-154.660597509546,180.544052536154,-0.832096974907132,155.654808242844,181.434646906213,-0.708972310987071,-155.413358955314,180.774252317489,-1.12952365486439,155.749187587042
-179.948212631794,0.0954995381227696,-155.085782206018,-180.051586926925,0.0855549661253215,154.861773715748,179.997396514963,-1.19620914277626,-154.639856960434,180.54524083602,-0.838405591978853,155.688315870571,181.411015110132,-0.716036270931721,-155.398036449723,180.770634860154,-1.1355414687856,155.773905435509
-179.948378450105,0.0964304769582941,-155.086245246407,-180.051925320742,0.0867287720395699,154.861144643592,179.989891775269,-1.19913791384823,-154.621218249069,180.546951373299,-0.845196937689426,155.72015917523,181.388887329215,-0.722622620343366,-155.384579451776,180.76733921742,-1.1418520742726,155.796916329309
-179.948480622345,0.097150777089025,-155.086642402848,-180.052269174719,0.087538183717132,154.860521093016,179.982264685583,-1.20236279507713,-154.604645936216,180.54917002202,-0.852356049379569,155.750113115915,181.368159325555,-0.728740065529182,-155.372971110569,180.764347377924,-1.14867808295582,155.817938002712
-179.94850178515,0.0977129135053258,-155.086989011651,-180.052564470696,0.0880261085109872,154.859907301234,179.974885192875,-1.20572034032916,-154.590015430056,180.551848473196,-0.85977751280939,155.777944774694,181.348712781363,-0.73442765663362,-155.36318803596,180.761684504634,-1.15619717995256,155.83674109191
-179.948426254551,0.0981708901551096,-155.087289007766,-180.052751920941,0.088289555157274,154.859296782963,179.968127198866,-1.2090672026719,-154.577155748767,180.554955222045,-0.867410792961664,155.803474465292,181.330440884005,-0.7397561938979,-155.355188675422,180.759393446717,-1.16448020749247,155.853172965971
-179.948235647036,0.0985547869909427,-155.087560951477,-180.052783808162,0.088447559733053,154.858689130562,179.962337731527,-1.21230333175593,-154.565856327332,180.558509688999,-0.875239603262858,155.826651103686,181.313234403997,-0.74479130728737,-155.348880650185,180.757523091526,-1.17350945939899,155.867219678488
-179.947910907394,0.0988804251832704,-155.087824639219,-180.052623259754,0.0885910796620771,154.858088638056,179.957809989512,-1.2153977904601,-154.55589769232,180.562555008039,-0.883230994382634,155.847561669439,181.29695720305,-0.749560274631297,-155.344111335375,180.756128068671,-1.1832067188138,155.879073190546
-179.947452153572,0.0991767145470448,-155.088090792179,-180.05225750294,0.0887758324835864,154.857503076554,179.954775771525,-1.21835942467923,-154.547022072461,180.567122601835,-0.891297007407932,155.866367666654,181.281470604692,-0.754046442984438,-155.340667684892,180.755280063982,-1.19346026421601,155.889096590565
-179.946868044709,0.0994776927579163,-155.08837223098,-180.051683717432,0.0890425282690778,154.856947315446,179.953401815536,-1.22118970453529,-154.538922284155,180.572231418472,-0.899319576983079,155.883192610768,181.266691638556,-0.758212485105429,-155.338367763208,180.755049964244,-1.20416791209311,155.897687001036
-179.946158831882,0.0998156386259192,-155.088682986059,-180.05089306252,0.0894432163714338,154.85643648017,179.953773779479,-1.22387979895356,-154.531363026642,180.577862914748,-0.907217334317672,155.898027175928,181.252608730878,-0.762022083113776,-155.337201122962,180.755474256504,-1.21526950680753,155.905154645278
-179.945328646356,0.100215450503129,-155.089037580879,-180.049885873907,0.0900365800834531,154.85598073403,179.955919158724,-1.22640866451263,-154.52426137588,180.583941350958,-0.914967269560464,155.910722748143,181.239251573426,-0.765486219061443,-155.3373666627,180.756557785598,-1.22671469987831,155.911671998052
-179.944370642035,0.100685462567148,-155.089455162226,-180.048673472874,0.0908511400595044,154.85559085058,179.959829626274,-1.228755953212,-154.51766231478,180.59037341926,-0.922582610640364,155.921056125007,181.226669420983,-0.768681707973534,-155.33914293153,180.758281969248,-1.23847653780092,155.91725897189
-179.943264752629,0.101220076112033,-155.089939048756,-180.047271295587,0.0918927515319556,154.855277725327,179.965427864613,-1.23094938655533,-154.511726131906,180.597074274939,-0.930095653772674,155.928791568336,181.214899794421,-0.771675222133895,-155.342731195007,180.760610962692,-1.25054681587934,155.92181798884
-179.942014270026,0.101802966761529,-155.090480331047,-180.045698198176,0.093165557820689,154.85505198455,179.972552831874,-1.23309089649515,-154.506711278789,180.603953308096,-0.937548896027475,155.933744325562,181.203946140293,-0.774505472868559,-155.348233989979,180.763500364069,-1.26280833069813,155.925221705058
-179.94064933157,0.10240615436335,-155.091084478687,-180.043988970602,0.094638924927531,154.854923744042,179.980987507664,-1.23532266302384,-154.502905815174,180.610903249961,-0.944966936750648,155.935836524084,181.193814760552,-0.777221130511823,-155.355685105824,180.766903877511,-1.27505006093559,155.92739065868
-179.939214888677,0.1029976239258,-155.091749031403,-180.042193839141,0.0962463573740117,154.854888343293,179.990492139841,-1.2377646594217,-154.500541127466,180.617812277293,-0.952363719264807,155.935064397439,181.184556492531,-0.779882334873015,-155.365030301198,180.770774994524,-1.28709594007709,155.928293405713
-179.937762021134,0.103565957101506,-155.09245612373,-180.040353942023,0.0979095565872636,154.85492524638,180.000825690166,-1.2405152727431,-154.499726004224,180.624582749665,-0.959793034109338,155.931475067916,181.1762715817,-0.782548342319127,-155.376068862824,180.775059723244,-1.2987978928928,155.927908172458
-179.936335408699,0.104117291026936,-155.093190726028,-180.038511577904,0.0995426588954704,154.855025858705,180.011775768963,-1.24366426096897,-154.500408572579,180.631111133551,-0.967338219781719,155.925215716229,181.169092951648,-0.785258852222279,-155.38840385443,180.779685285805,-1.31001506881556,155.926216063961
-179.934958988504,0.104654021512873,-155.093935781151,-180.036713715993,0.101070139946312,154.855205064614,180.023163156487,-1.24725451472577,-154.502410823843,180.637283431395,-0.975035295500513,155.916493003559,181.163141975876,-0.788045940619963,-155.401533492104,180.784581423363,-1.32062091069335,155.923176684841
-179.933640329039,0.105179887758598,-155.094677899258,-180.034986254729,0.102436086491642,154.855476491651,180.034799189666,-1.25128626036448,-154.505545807311,180.643014921393,-0.982839344367879,155.905500006498,181.158477842832,-0.790955176753476,-155.415043550336,180.789712374179,-1.33047521672208,155.918706669914
-179.932388038902,0.105692923472353,-155.095416303924,-180.033333315061,0.103624570840596,154.855833599186,180.046472289837,-1.25575046617061,-154.509711603429,180.648263987549,-0.990674283466761,155.89245607313,181.155097320783,-0.79406836778153,-155.428681735934,180.795054215461,-1.33946551773244,155.912763083279
-179.9312213538,0.106167360473382,-155.096155235908,-180.031760838624,0.104664700410993,154.85624990724,180.058007297275,-1.2606453121056,-154.51489339304,180.653021245554,-0.998492392870132,155.877712933686,181.152953875817,-0.797507887811069,-155.442305309971,180.800544909715,-1.34760040031053,155.905510771136
-179.930153687054,0.106573846866111,-155.096893248253,-180.030289975421,0.105596987903836,154.856698580639,180.06932711556,-1.26598393967857,-154.521096625427,180.657286074589,-1.00625649074301,155.861830972199,181.151935622855,-0.801395627801363,-155.455801475569,180.806067923521,-1.35501555691478,155.897391685019
-179.929179217169,0.106909799199669,-155.097619856241,-180.028961272486,0.106419538890611,154.857162765599,180.080440091276,-1.27178121949563,-154.528274841228,180.661060109174,-1.01392830187173,155.845493439689,181.151845499458,-0.805821934023623,-155.46900669654,180.811448376191,-1.36202991585754,155.888939299522
-179.928281949219,0.107203622117265,-155.098332044361,-180.027819048327,0.107031697124044,154.857629121502,180.091390655202,-1.27799593186733,-154.53626575845,180.664401565556,-1.02156784061423,155.829265907316,181.15243124047,-0.810841924338814,-155.481667982507,180.816439604593,-1.36957482323303,155.880368255189
-179.927419342665,0.107501042823052,-155.099051382721,-180.026867557168,0.10726205040953,154.858087409193,180.102230396981,-1.2844882456473,-154.544776389685,180.667466197839,-1.02941045778916,155.813362414027,181.153400078476,-0.816559526125179,-155.493430264285,180.820800385352,-1.37948784584187,155.871216063285
-179.926496030925,0.107946122176292,-155.099836257184,-180.026061752239,0.107012938553153,154.858525334199,180.113015213566,-1.29107139900774,-154.553480651651,180.670488206172,-1.03783522014165,155.797557298446,181.154301401046,-0.822715078417074,-155.503775744275,180.824430965528,-1.39385526125086,155.860414943164
-179.925388124177,0.108752301344093,-155.100762047675,-180.025319250803,0.10632387481215,154.858938764504,180.123827110342,-1.29756671332881,-154.562122606367,180.673740986838,-1.04722894058161,155.781324306204,181.154532450782,-0.828151859677349,-155.511931716742,180.827344569027,-1.41403499925661,155.846832741644
-179.923996338031,0.109987529465374,-155.101868109319,-180.024539988968,0.105295682321547,154.859348741495,180.13481641144,-1.30379334435084,-154.570441523227,180.677453878533,-1.05778859836731,155.764140612777,181.153491331739,-0.831694083078459,-155.516801273297,180.829508143171,-1.44028087056122,155.829750997315
-179.922257527743,0.11165152065808,-155.103174290012,-180.023642864831,0.104063791691345,154.859790244067,180.146239165981,-1.309546795391,-154.577986297024,180.681711082182,-1.06941051664488,155.745728640227,181.150558201933,-0.832916724043155,-155.517121930337,180.830822079585,-1.47198102784567,155.808927949696
-179.920153346122,0.113765153802858,-155.104694164385,-180.022564348142,0.102786646610944,154.860284374287,180.158414273702,-1.31464395099763,-154.584145206284,180.686444195943,-1.081811929578,155.726026409647,181.145133662812,-0.831703572611779,-155.51189041335,180.831185111379,-1.50817997157154,155.784538105115
-179.917714921198,0.11627452845088,-155.106408049555,-180.021250926109,0.101607329393046,154.860836266126,180.171615142704,-1.31894172817934,-154.588307467784,180.691501193139,-1.09479852857547,155.705016826715,181.136724109192,-0.828229257134786,-155.500591899367,180.830529816021,-1.54776528247195,155.757102761918
-179.915004756056,0.119088653753595,-155.108271385416,-180.019683374948,0.100620472741357,154.861448053975,180.186025303139,-1.32225088875968,-154.589934247039,180.696705161036,-1.10836435755169,155.682678005569,181.124915982733,-0.822996519768373,-155.483252674611,180.828835824099,-1.58958225157189,155.727344207417
-179.912116354423,0.122109463529602,-155.110207851085,-180.017884540697,0.0998661488724345,154.862096045991,180.20176565441,-1.32429078351984,-154.588667084846,180.701910479758,-1.12254058846692,155.659096635697,181.109362868476,-0.816544680999536,-155.460480718898,180.826095042257,-1.63273796990798,155.696117016489
-179.909164198952,0.125230131950064,-155.112133272479,-180.015922303692,0.0993447750855878,154.862737506887,180.218919263124,-1.32478156921384,-154.584454171729,180.707033357724,-1.13726413656574,155.634650987364,181.089802645918,-0.80950169524177,-155.433235247455,180.822304343401,-1.67645490051387,155.66448499702
-179.906260793334,0.128377870981803,-155.113997575117,-180.013900749176,0.0990167428907699,154.863344609255,180.237488144042,-1.32360087888083,-154.57756749871,180.71201739786,-1.15237971199166,155.610106377032,181.066166805669,-0.80250030629968,-155.40255065239,180.81749513846,-1.71983002873749,155.633674422064
-179.903508225832,0.131504339771889,-155.115759608277,-180.011924352771,0.098835511828052,154.863892427914,180.257286866483,-1.32083578758859,-154.568509614005,180.716800423166,-1.16764207852224,155.586494751214,181.038679292212,-0.79594986266877,-155.369424486291,180.811727117507,-1.76193814183199,155.604868567488
-179.90098872849,0.134559028917052,-155.117377001627,-180.010075940089,0.098782308998063,154.864359034863,180.277876833932,-1.31672063132636,-154.557928460962,180.721325685543,-1.18271917482709,155.564840471009,181.007809746057,-0.79014195853022,-155.334839064245,180.805057929383,-1.80195087702308,155.579113704105
-179.898758378205,0.13751085633339,-155.118826516904,-180.008410621282,0.0988699501669389,154.864744246078,180.298547554372,-1.31159902678378,-154.54666268084,180.725556365481,-1.19725902668164,155.545898080404,180.974222789648,-0.785398942026295,-155.299936725051,180.797539569789,-1.83914423279664,155.557241583496
-179.89686134418,0.140331296840099,-155.120095631855,-180.006965930484,0.099093231848481,154.865055157641,180.318356800179,-1.30593814132358,-154.53576749441,180.729465662288,-1.21105536245672,155.530055398384,180.938762321606,-0.782017313179627,-155.266116983339,180.78920339892,-1.87306057100056,155.53975352472
-179.895326447564,0.142990557817778,-155.121175741498,-180.005769119221,0.0993765427529797,154.865294844215,180.336263539353,-1.30031884044648,-154.526336053323,180.73302167836,-1.22422861126316,155.517399026837,180.902349154915,-0.780229724853133,-155.234847356704,180.780075085839,-1.90385789487358,155.526709911984
-179.894146258183,0.145458452587608,-155.122080277246,-180.00481443396,0.0996485833455832,154.865467892731,180.351293827603,-1.29536933205888,-154.519251501092,180.736195170146,-1.23725084142492,155.507753324446,180.865838926491,-0.78026590390256,-155.20725505603,180.770251320428,-1.93212284469549,155.517731262516
-179.893286020587,0.147704221656264,-155.122834435159,-180.00406072131,0.0998919727984329,154.86557521284,180.362673626503,-1.2916698217404,-154.514960920867,180.738959133561,-1.25065443418106,155.500787244191,180.829957381139,-0.782356101033419,-155.183808488591,180.759893119664,-1.95835907480416,155.512304735553
-179.892700093493,0.149710452049925,-155.123448143304,-180.003450188146,0.100108846928424,154.865614871758,180.369908919286,-1.28965173996259,-154.513286483382,180.741254791025,-1.26459389198297,155.496308819706,180.795326217294,-0.786556937807728,-155.164397245978,180.749181542785,-1.98283149259819,155.510129273895
-179.892340251264,0.151465417156282,-155.123924021468,-180.002919836769,0.100334600516191,154.865587505217,180.372843432689,-1.28953899918832,-154.513458318447,180.742981846213,-1.27877925806859,155.494418226872,180.762489698599,-0.792667417881768,-155.148622205271,180.738363732454,-2.00558102497834,155.511085162206
-179.892171914982,0.152976200237551,-155.124277750965,-180.002423511529,0.100625050195749,154.865495694997,180.371658481228,-1.29133277520999,-154.51436647483,180.74404176475,-1.29274225038361,155.495357709596,180.731888768758,-0.800389135551826,-155.13596261216,180.727766447263,-2.02657945529745,155.515055336489
-179.892172368827,0.154264294973008,-155.124529837201,-180.001938155972,0.101022397938553,154.865343437275,180.366815661711,-1.29483321917906,-154.514854826617,180.744387852147,-1.30604297975124,155.499306094748,180.703830522367,-0.809414673463626,-155.125921912189,180.717718320688,-2.045752421092,155.521961929891
-179.892323952611,0.155357007277876,-155.124689772405,-180.001455370186,0.101570619491895,154.865145064889,180.358971688079,-1.29974270134741,-154.51396474747,180.744088789962,-1.3183832726614,155.506258321473,180.678472173201,-0.819456828833847,-155.118138023052,180.708473386483,-2.06294096267166,155.531760933211
-179.892627023402,0.156285381252818,-155.124767698969,-180.000988566564,0.102285015858161,154.864922375502,180.348858124147,-1.30576410361441,-154.511057872757,180.743394198874,-1.32970991987867,155.516037978684,180.65584519026,-0.830267534869034,-155.112325042255,180.700158591688,-2.07808068799237,155.544333551696
-179.893091153631,0.157083956280177,-155.124769251885,-180.00058130768,0.103106707223721,154.864688128198,180.337165395458,-1.31265343184043,-154.50580842993,180.742711108399,-1.34022768617797,155.528446820981,180.635917098924,-0.841584949932688,-155.108192572156,180.692761650891,-2.09122409711978,155.559520283836
-179.893709568856,0.157794248476631,-155.124691739225,-180.000307882803,0.103892588051859,154.864443068422,180.324460901783,-1.32028674306958,-154.498193159935,180.742501130075,-1.35022481213771,155.5433447491,180.618645167613,-0.853182236515847,-155.105470374398,180.686162661059,-2.10248389513045,155.577173409621
-179.894449562932,0.158465328041999,-155.124544934253,-180.000263698011,0.104414916581164,154.864183407951,180.311149705293,-1.32864033638154,-154.488506506036,180.743174051137,-1.3599143002413,155.560546831674,180.604017448183,-0.864947410830089,-155.103950490136,180.680180089145,-2.11210900171281,155.597077162179
-179.895273727829,0.159140456770918,-155.124352562125,-180.000528697103,0.104436716863898,154.863906700556,180.297471580316,-1.33768137633056,-154.477300000531,180.745033687633,-1.36944764581854,155.579686988022,180.592050432848,-0.87682733069709,-155.103464664584,180.674590299933,-2.12045346958414,155.618837302632
-179.896155682368,0.159842585548584,-155.124134240109,-180.001135234405,0.103802405365159,154.863602229543,180.283525450658,-1.34734286472081,-154.465210058283,180.748270602549,-1.37892955901601,155.600238895838,180.582734747699,-0.888758677124708,-155.103865626588,180.669148818929,-2.12779834333023,155.641922829926
-179.897073115208,0.160564456810748,-155.123901156531,-180.002078188044,0.102475132646815,154.863257979021,180.269343276797,-1.35755874108388,-154.452790059129,180.752969686107,-1.38839474835882,155.621722899172,180.575984975866,-0.900672471050709,-155.105012715914,180.663643877052,-2.13431828318615,155.665895834655
-179.898012145824,0.161281659959002,-155.123657684962,-180.003337957795,0.10052926658242,154.862884775203,180.254970881045,-1.36825580586001,-154.44046470457,180.759137836149,-1.39783461692226,155.643866415284,180.571650025034,-0.912550904441423,-155.106680623243,180.657912087495,-2.14011200793529,155.690479164738
-179.898966148087,0.161986285496662,-155.123393409475,-180.004884737742,0.0980842063635244,154.862501211867,180.24050158224,-1.37933903738063,-154.428513924254,180.766711874035,-1.40724514947849,155.666558832255,180.56955986296,-0.924426679490319,-155.108447888803,180.651841487021,-2.1450692959585,155.71540548448
-179.899943555371,0.162672535569286,-155.123091617473,-180.006682405132,0.0952379459925149,154.862112476989,180.226097836374,-1.39067725572039,-154.417022065965,180.775537904098,-1.41661616434576,155.689842244454,180.569529819226,-0.936279341744854,-155.109768371476,180.645443263434,-2.1489226899734,155.740433427199
-179.900954167877,0.163329706095324,-155.122745374673,-180.00870120543,0.0920642433179582,154.861713322096,180.212001858216,-1.40206813142662,-154.405852849128,180.78535124701,-1.42584527189098,155.714028176286,180.571328979217,-0.948051231240131,-155.110208382452,180.638895744503,-2.15149436764681,155.765547061505
-179.901990029948,0.163963409246271,-155.122350731998,-180.01091208298,0.088657752187967,154.861290666327,180.1985331559,-1.41324607933586,-154.3947232974,180.795783979536,-1.43469958677949,155.739748578087,180.574680377155,-0.959723535268383,-155.109535475649,180.632493077394,-2.15278746062353,155.791078551413
-179.903063405281,0.164598399386347,-155.121906150272,-180.013272528692,0.0851487892034674,154.860830528296,180.186051669224,-1.42396672555899,-154.383338747885,180.806437246723,-1.44291641030809,155.767922139573,180.579317957332,-0.971298959955972,-155.10762613058,180.626620101871,-2.15301830679888,155.817587389018
-179.904206095016,0.165259502291684,-155.121421393549,-180.015726173213,0.081681672678132,154.860323359415,180.17486872848,-1.43406630500812,-154.371519991413,180.816982846597,-1.45035863217624,155.799600210094,180.585031147042,-0.982773358189233,-155.104424344542,180.62175603026,-2.15256606474378,155.845575293594
-179.905434766208,0.165951224235842,-155.120914605489,-180.018226304134,0.078407963796329,154.859767988392,180.165186645981,-1.44345227246477,-154.359324981838,180.827238673538,-1.45705215812504,155.835667993586,180.591669132191,-0.994123100890084,-155.099955601749,180.618404493623,-2.15170256740353,155.875214141855
-179.906758669811,0.166671995684499,-155.120405072888,-180.020754046134,0.0754615265814821,154.85916500378,180.157091670471,-1.45208009289404,-154.347062636768,180.837174638307,-1.46312041115132,155.876640868432,180.599136376086,-1.00530986526641,-155.094354716127,180.616969266827,-2.15042480384575,155.906366519793
-179.90819132586,0.167420938266132,-155.119898274966,-180.023313060131,0.0729115068938509,154.858506951803,180.150591784382,-1.45995768828894,-154.335190033102,180.84688471941,-1.46876194731541,155.922658776017,180.607364301707,-1.01629864678599,-155.087898744246,180.617722611602,-2.14855975421547,155.938919409158
-179.909735397779,0.168201537763511,-155.119398319248,-180.025929094158,0.0707334705561736,154.857780473068,180.145675255664,-1.46713783124308,-154.324192238869,180.856565846791,-1.47418824185006,155.973513087966,180.61629752124,-1.02708634558933,-155.080946565467,180.620875193259,-2.14592912851277,155.972910673374
-179.911366173557,0.169038264027594,-155.118926870624,-180.028630061086,0.0688170261416345,154.856968123777,180.142309240255,-1.47365452662915,-154.314493951454,180.866455386077,-1.47955146928831,156.02868318538,180.625939138735,-1.03771376583589,-155.073846165531,180.626595782887,-2.14274343738395,156.008278681148
-179.913038451775,0.169961524262181,-155.118508996692,-180.031416533849,0.0670263975263989,154.856059257392,180.14044982846,-1.47951226012726,-154.306436839108,180.876767245204,-1.48495788733676,156.087401437934,180.636380257545,-1.0482692065428,-155.066897567739,180.635000484626,-2.13976653404334,156.044535502589
-179.914706748374,0.170978233973558,-155.118157556347,-180.034253385405,0.0652868460290697,154.855062808932,180.140093085789,-1.48475845174951,-154.300264976615,180.887662994264,-1.49041314707241,156.148721109994,180.6477720194,-1.0588705553999,-155.060364070093,180.646203621209,-2.13784272937816,156.080788856777
-179.91633170008,0.172058059621429,-155.11787568009,-180.037074209893,0.063632664109933,154.854002393686,180.141256806708,-1.48953837764633,-154.29612534426,180.899225244077,-1.49578986573415,156.211632615457,180.660316570217,-1.06953899548474,-155.054533137114,180.660367049082,-2.13762638949719,156.116110248094
-179.917865576169,0.173146819434912,-155.117663626983,-180.039800402986,0.0621992365463181,154.852902718175,180.14395556841,-1.49406843243661,-154.294096133693,180.911448030463,-1.50093974310563,156.275194746976,180.674278059568,-1.080110453749,-155.049715301301,180.677642726166,-2.13950790933786,156.14978001839
-179.919264471243,0.17417425419825,-155.117514751996,-180.042360098571,0.0611746869565331,154.851788545937,180.148237566592,-1.49854629770106,-154.29416193238,180.924245786241,-1.5057931904259,156.338617134031,180.689944610284,-1.09034730887504,-155.046163174729,180.698063875203,-2.14345534260934,156.181416006563
-179.920507558884,0.175068832352789,-155.117412621341,-180.044693291387,0.0607062112313717,154.850688647875,180.1542031556,-1.50310150348015,-154.296196904217,180.937487735285,-1.51039467682971,156.401254281218,180.707554468241,-1.100077996211,-155.044006419278,180.721534616248,-2.14912564239105,156.211006058969
-179.921593404594,0.175788078954814,-155.117347857806,-180.046756157589,0.060841839065446,154.849629326324,180.161990257329,-1.50779706546185,-154.300023499895,180.951043245033,-1.51487342579766,156.4625213864,180.727251724495,-1.10922492334635,-155.043238589404,180.74789149715,-2.15605684870022,156.238735539739
-179.922536279705,0.176323327935677,-155.117326161315,-180.048523668183,0.0615479141161059,154.84863887786,180.171753639848,-1.51264208518241,-154.305497391443,180.964784201635,-1.51931009178221,156.521813335077,180.749100017109,-1.11778434256438,-155.043797705593,180.776910597826,-2.16376566067768,156.264782283496
-179.923352369585,0.176720144731652,-155.117341105317,-180.049985508496,0.0627436622677447,154.847750936192,180.183615036882,-1.51761397242967,-154.312576208508,180.978561998315,-1.52360704803912,156.5784392084,180.773126202167,-1.12581290049226,-155.045715050753,180.80830947058,-2.17182719318789,156.289158814231
-179.924053864796,0.17705431902364,-155.117381880548,-180.051137640843,0.0643561465974893,154.846997454117,180.197598221712,-1.52268571965191,-154.321383109491,180.992199755221,-1.52751668408405,156.631584590937,180.799369204719,-1.13340104985468,-155.049229977577,180.841783496511,-2.17990105270086,156.311655665743
-179.924658892524,0.177367531431409,-155.117448813286,-180.051976689987,0.0663443052524104,154.846408072659,180.213558898444,-1.52787028262206,-154.332249611174,181.005515414003,-1.53077818435315,156.680341757448,180.827909228093,-1.14064677510507,-155.054748459069,180.876992708986,-2.18775442492154,156.331895511756
-179.9251987782,0.177651712646143,-155.117522628105,-180.052505043305,0.0686751450376027,154.845995667582,180.231147050269,-1.53325357234101,-154.345646489436,181.018357628646,-1.53324738715864,156.723757065809,180.858837621183,-1.14765706733474,-155.062591296664,180.913533304873,-2.1952904068605,156.349377981241
-179.925722944503,0.177840305267314,-155.117560270646,-180.052743648748,0.0713000855638091,154.845755195811,180.249833001476,-1.53899384754212,-154.361979383601,181.030619944499,-1.53494166149404,156.760946152464,180.892248340571,-1.1545098664888,-155.072617144246,180.950939576829,-2.20242572465558,156.363582568123
-179.926288158224,0.177841691821855,-155.117520557061,-180.052741350466,0.0741362984847677,154.845677450189,180.268975609691,-1.54530071027515,-154.381391964288,181.042217810182,-1.53596743210609,156.791339841513,180.928268105359,-1.16115856503919,-155.084115210567,180.988689824875,-2.20897607755371,156.374206050592
-179.926936646297,0.17758545107936,-155.117379052184,-180.052571789103,0.0770812339383001,154.845731546821,180.287918393607,-1.55237894598861,-154.40373267445,181.053049510179,-1.53640172746732,156.814939704399,180.967007943696,-1.16738888932521,-155.096240085249,181.026204110283,-2.21465424792623,156.381554847452
-179.927702828723,0.177028858666058,-155.117120209367,-180.052334921379,0.0800203850977723,154.84587095768,180.306052551877,-1.56034754601516,-154.4286798035,181.062947566717,-1.53622197334115,156.832485531261,181.008495744783,-1.17291415993698,-155.108515951941,181.062861995383,-2.21911913359234,156.386769367492
-179.928632745121,0.176148879744246,-155.11673109327,-180.052147340813,0.0828102543519799,154.846066799725,180.322842078818,-1.56920334074314,-154.455909106305,181.071653071401,-1.53532805785612,156.845382391666,181.05267903318,-1.17753517373383,-155.120943043253,181.098109955936,-2.22207830944494,156.39141664687
-179.929775751933,0.174921247316344,-155.116210585035,-180.052111116664,0.0852930814190873,154.84629522462,180.337843955631,-1.57887761048623,-154.485167133467,181.078867318576,-1.53358045934331,156.855377105223,181.09944003262,-1.18118353444729,-155.133845874365,181.131562981588,-2.22329691261329,156.396841121562
-179.931163004389,0.173330717999432,-155.11556663591,-180.052309858667,0.0873563193783349,154.846527554575,180.350728442361,-1.58933041563576,-154.516234798347,181.084311524376,-1.53082176116675,156.864295938083,181.148554748533,-1.18382762306713,-155.147648444333,181.162950788913,-2.22263388028408,156.403872381271
-179.932800869509,0.171382396646788,-155.114804489079,-180.052819707489,0.0889362228478097,154.846746378071,180.361280861294,-1.60055489730173,-154.548868352793,181.087766105015,-1.52693710009285,156.873915450008,181.199634704304,-1.18537770585851,-155.162640327229,181.192026306424,-2.22010144343704,156.412975080378
-179.934691039038,0.169086570035798,-155.11392246776,-180.053693929607,0.0899718012909102,154.846943500196,180.369403645278,-1.61252706569995,-154.582770262397,181.089124952935,-1.52188700543006,156.885769859581,181.252140516322,-1.18569732048959,-155.178836725805,181.218565947224,-2.2158507892201,156.424495954413
-179.936831761964,0.166480550844855,-155.112927696304,-180.054952082349,0.090438298335834,154.847113330974,180.375132830659,-1.62521088930219,-154.61756413673,181.088427663654,-1.51564695450287,156.900874947182,181.305442250516,-1.18470100654817,-155.19598663092,181.242384933014,-2.2101778310094,156.438688773645
-179.939209285585,0.163635027002821,-155.111847881121,-180.056596693385,0.0903475775746246,154.847252448782,180.378603643837,-1.6385485926307,-154.652757572647,181.085832633424,-1.50820364486978,156.919531207335,181.358866295783,-1.18236720350667,-155.213705311848,181.263347117474,-2.20349233062658,156.455651706095
-179.941805423948,0.160630856478935,-155.110725649138,-180.058626751687,0.0896872730458807,154.847349867489,180.380005826195,-1.65242506484865,-154.687817273392,181.081549820661,-1.49966014525539,156.941331113873,181.411743388961,-1.17851279442724,-155.231608111565,181.281363564255,-2.1963597709877,156.475230292606
-179.9445851425,0.157579077918502,-155.109604323669,-180.061029318885,0.0884312634375561,154.847393843256,180.37954820856,-1.66668820543348,-154.722271208685,181.075782957519,-1.49030078546358,156.965326388389,181.463467432942,-1.17271896014447,-155.249314226639,181.296410817612,-2.18959940735504,156.496871916044
-179.947464476252,0.154628496998687,-155.108521707099,-180.063768972296,0.0865767339015675,154.847386462532,180.377373224024,-1.68113762777833,-154.755651773057,181.068702612891,-1.48055015909187,156.990261559471,181.513555031901,-1.16461148797801,-155.266372352892,181.308587550172,-2.18410538825582,156.519580862407
-179.95030043197,0.151931994636032,-155.107519600409,-180.066784570472,0.0841296078159276,154.847316889881,180.37347744621,-1.6955476136362,-154.787519580758,181.060416814149,-1.47087176442362,157.014810671493,181.561630745481,-1.15396249100232,-155.2822657578,181.318121057633,-2.18066667638872,156.542028883894
-179.952936790401,0.149612599745322,-155.106646281545,-180.06998733725,0.0811117893576561,154.847155337673,180.367741029568,-1.70981845263971,-154.817600594197,181.050908080869,-1.4616661083775,157.037745548453,181.607342413364,-1.14066294878134,-155.296471417242,181.325351594103,-2.17990990506889,156.56284748234
-179.955254774713,0.147762314963583,-155.105953483103,-180.073261031486,0.0776148280597373,154.846886504548,180.360031766039,-1.72401164560931,-154.845789223992,181.040028504899,-1.45318532301335,157.058028082205,181.650363655711,-1.12479203509183,-155.308546521402,181.330673932564,-2.18213714752586,156.580879394043
-179.957187236033,0.146447481320056,-155.105479886363,-180.076485855089,0.0737951338309894,154.846520704565,180.350273015913,-1.73829091197095,-154.872078379838,181.027576887419,-1.44550932172016,157.074842155402,181.690433928899,-1.1065299606022,-155.318228519191,181.334433088669,-2.18739929334203,156.595284325851
-179.958708425857,0.145666348040817,-155.105238916782,-180.079561254678,0.0698431582004364,154.846087551392,180.338486719109,-1.75288428547682,-154.896445746214,181.013388240739,-1.43862583857752,157.087557803128,181.727300549466,-1.08606870361182,-155.325486544946,181.336882239113,-2.19564293430187,156.605641681543
-179.959820214584,0.145344447502753,-155.105214848427,-180.082390903434,0.065955846806489,154.845625826319,180.324849548,-1.767958031325,-154.918686001728,180.997440186994,-1.43252288497689,157.095701397162,181.760664676903,-1.06372000870095,-155.3305235205,181.338164863833,-2.2066427309925,156.611935038732
-179.960550650005,0.145399872628093,-155.10536069332,-180.084880708641,0.0623114082770738,154.845175440588,180.309696609781,-1.78351194190771,-154.93837023997,180.979911370017,-1.42718490207932,157.098952767139,181.790223642178,-1.03994746091821,-155.333616706282,181.338305343553,-2.21997023028825,156.614378543042
-179.960951684811,0.145762158067048,-155.105621054854,-180.086965122029,0.0590397857997194,154.844766580181,180.293431728263,-1.79937562225882,-154.954925696045,180.961133688614,-1.42258005026019,157.097114879089,181.81572335921,-1.01528017341856,-155.334871777182,181.337291650296,-2.23505549230073,156.613150382011
-179.961082200129,0.146371461450606,-155.105954596458,-180.088634989507,0.0561629429035139,154.844407077968,180.276453976662,-1.81522917355399,-154.967667052688,180.941512622908,-1.41874082190307,157.090085230354,181.836967533455,-0.990321683751989,-155.33416567319,181.335171484478,-2.25121184496638,156.608244341705
-179.961005135909,0.147196206913263,-155.106336726592,-180.089942822554,0.0535953944916554,154.844096841618,180.259132083324,-1.83066182206106,-154.9758726612,180.921458465386,-1.41579657804457,157.077893343271,181.85380289523,-0.965816288200571,-155.331255914531,181.332053164624,-2.26762911511981,156.599576993828
-179.960795103066,0.148218139267167,-155.106751769451,-180.090977476627,0.0511961846849673,154.843839065263,180.241714241744,-1.84527248241749,-154.978949877266,180.901300887333,-1.413854578182,157.060875532189,181.866105739588,-0.942522038468353,-155.325924269438,181.328054245964,-2.28352222007932,156.587229185343
-179.960518876668,0.14941200725068,-155.107181999645,-180.091824970358,0.0488145756594649,154.843629931592,180.224263835272,-1.85875521476921,-154.976581832357,180.881241727878,-1.41283477986288,157.039890923823,181.873761202045,-0.921070980963575,-155.318096958469,181.323297219233,-2.29828568027348,156.571731425371
-179.960224919269,0.150762973824997,-155.107613358565,-180.092548200325,0.0463627130975464,154.843460261341,180.206724699555,-1.8709376863755,-154.968825550808,180.861364954674,-1.4123994991028,157.016311495715,181.87665645657,-0.902006460971357,-155.307846664882,181.317930244861,-2.31149663178871,156.55402834175
-179.959941736699,0.152268685381388,-155.108039724709,-180.093200204527,0.0438463809378978,154.843316978377,180.188986506449,-1.88176934822369,-154.956098549419,180.84165633128,-1.41208789012945,156.991718607406,181.874754990605,-0.885768856772427,-155.29532694073,181.312130299859,-2.32293168115655,156.535097511792
-179.959667377867,0.153908122781456,-155.108447190034,-180.093815577966,0.0413245195367764,154.84319383943,180.170885969511,-1.8912948978731,-154.939047704302,180.822053159384,-1.41153530907569,156.967525591443,181.868188672171,-0.872624664376378,-155.280765066587,181.306128244508,-2.33256712304269,156.515780319035
-179.959389969784,0.155637905519997,-155.108821014511,-180.094390306522,0.0388852613054284,154.843104120148,180.152220385037,-1.89963582807629,-154.918351664675,180.802481086744,-1.41052150963438,156.944749076411,181.85727181883,-0.862644308491883,-155.264478688509,181.300196192944,-2.34051931585289,156.496844221781
-179.959104859139,0.157412892507373,-155.109165041658,-180.094894869078,0.0366362176234129,154.843056867708,180.132811160866,-1.9069651088447,-154.894559093233,180.782856261839,-1.40891401504366,156.923999328894,181.842454439812,-0.855763939799836,-155.246868674633,181.29460987655,-2.34699422381538,156.479014772446
-179.958808795342,0.159192491067656,-155.109492535671,-180.095295079023,0.034682905785729,154.843052936828,180.112570421539,-1.91347557205119,-154.868086962151,180.763109188586,-1.4066808876031,156.905612235417,181.824270868261,-0.85185282260898,-155.228383473067,181.289626242348,-2.35223165433849,156.462955583225
-179.958490420134,0.160931407085637,-155.109814184893,-180.095569033216,0.0331017880568563,154.843105685035,180.091522361229,-1.91933463685615,-154.839285952633,180.743210341554,-1.4038839619658,156.889759985137,181.803273234571,-0.850760097718501,-155.209414224745,181.285439497935,-2.35643208640085,156.449197626843
-179.9581284959,0.16259141542887,-155.110138365566,-180.095723110035,0.031925392735868,154.843228284057,180.069799063174,-1.92464750098018,-154.808426172445,180.723212631723,-1.40061240079145,156.876514362062,181.779966751574,-0.852350935237445,-155.190220888528,181.282172186115,-2.35973512765471,156.4381056783
-179.957704083352,0.164141409466776,-155.110471421354,-180.095774956321,0.0311557635757467,154.843414583889,180.047651387259,-1.92946457647339,-154.775626242982,180.703316259385,-1.39696816521818,156.865877493698,181.754795458098,-0.85649228412536,-155.170948855921,181.279852405849,-2.36223062875505,156.429957432465
-179.957199717365,0.16555197436476,-155.110813248786,-180.095731288577,0.0307952956980116,154.843648480414,180.025429648676,-1.93380675825761,-154.740813125712,180.683881240633,-1.39312041597067,156.857762971076,181.728155618105,-0.863001685523129,-155.151576769247,181.278348381259,-2.36392064074977,156.42498990455
-179.95660885378,0.166814143030462,-155.11114940959,-180.095613301229,0.0308143063869631,154.84392088091,180.00350553245,-1.93765272883062,-154.703745034402,180.665364907254,-1.38930754016647,156.851976870702,181.70043609213,-0.871595873529513,-155.131864265134,181.277396916412,-2.36471304319886,156.423283130224
-179.955938431759,0.167930491299825,-155.111464325781,-180.095452646302,0.0311206212789852,154.844228414097,179.982214731171,-1.94091645578944,-154.664102367906,180.648222643551,-1.38575244569144,156.848231806532,181.672037762997,-0.881910667616315,-155.111478671474,181.276700406462,-2.36450524499698,156.424659198927
-179.955191650019,0.16890262987945,-155.11175611712,-180.095255670553,0.0316287558665278,154.844572106052,179.961830212369,-1.94346418612376,-154.621640425287,180.632797134162,-1.38264165561328,156.846272656217,181.643326887957,-0.893569512941929,-155.090184848054,181.275960323422,-2.36325733098406,156.428794414351
-179.954359924339,0.169745404717146,-155.112024061589,-180.095004462215,0.0322993036012589,154.844960946504,179.942536108774,-1.94517145384975,-154.576355634318,180.619236153041,-1.38017752987649,156.846043048907,181.614595218686,-0.906223911406105,-155.067944037715,181.274834264179,-2.36092542297446,156.435475295324
-179.953421630783,0.170488193432865,-155.112263652366,-180.094672424235,0.0331241494049667,154.845409754833,179.924433611329,-1.94597840641132,-154.528572379953,180.607503334533,-1.37857918076572,156.847726559021,181.586069117246,-0.919547426611539,-155.044912703281,181.272961712259,-2.35731857658257,156.444692269685
-179.95235928476,0.171161062744019,-155.112481704684,-180.094236662192,0.0340871882931671,154.845928020346,179.907552077823,-1.94590196012913,-154.478865412143,180.59745088016,-1.37800882414071,156.851670616015,181.557955414541,-0.933212257220533,-155.021387311976,181.270080646799,-2.35220454094431,156.456475659048
-179.951172372888,0.171784469517634,-155.112698190183,-180.093686613412,0.035143798055116,154.84651150989,179.891871508722,-1.94500728117351,-154.427901850076,180.588874351126,-1.37848388145968,156.858276448708,181.530444461861,-0.946914060339228,-154.997767473968,181.266102009476,-2.34539475595208,156.470712369145
-179.949878139758,0.172374880215444,-155.112933144475,-180.093031021831,0.0362564292899908,154.847145565142,179.877382325652,-1.94338438792358,-154.376374417186,180.581561193436,-1.37985443143981,156.867941585783,181.503661506181,-0.960433745125169,-154.974534182633,181.261094461135,-2.33664909008824,156.48720921793
-179.94850766486,0.172940252632474,-155.113201340028,-180.092289460811,0.0374125438882531,154.847803271097,179.864107435032,-1.94116784042972,-154.324997946008,180.575334929455,-1.38184183545622,156.88099585756,181.477653613883,-0.97363562040369,-154.952153349658,181.255199712317,-2.325911145032,156.505993962369
-179.947082992585,0.173487380289296,-155.113503670049,-180.091494347516,0.0386244265293973,154.848458537621,179.852091266741,-1.9385314198002,-154.274406657693,180.570055853298,-1.38414649173336,156.89755755425,181.452404580525,-0.986411330252912,-154.930950179098,181.248590631781,-2.31348179654011,156.527286240531
-179.945626979796,0.174059586842628,-155.113825637405,-180.09069180716,0.0399056059520038,154.849096131313,179.841398153333,-1.93560273568456,-154.224996058971,180.565660285913,-1.38663263908507,156.917496175447,181.427838958931,-0.998701736716372,-154.911070725088,181.241472435675,-2.29984670687162,156.551104006907
-179.944184951624,0.174726241824497,-155.114150785269,-180.089927362427,0.0412608328684586,154.849700243477,179.832112198453,-1.93237514456772,-154.176903342513,180.562270017618,-1.38946687080085,156.940618239943,181.403822758789,-1.01060280736389,-154.892488406926,181.233979905003,-2.28560784601297,156.577276850876
-179.942804068196,0.17555066237776,-155.114475766569,-180.089262957931,0.0426965123404148,154.850245725347,179.824313772563,-1.92875754063488,-154.130158236937,180.560208390315,-1.39303478826785,156.966878296144,181.380218694964,-1.02232438455714,-154.87495499693,181.226072845141,-2.27148255619252,156.605810011293
-179.941527511222,0.176580081078916,-155.114807393433,-180.088775495204,0.0441928896425605,154.850696410729,179.818030964575,-1.92471153937013,-154.084846178103,180.559851830992,-1.39762098253167,156.996390446582,181.356947696773,-1.03404882476975,-154.857990201532,181.217627522694,-2.25816021734738,156.636922710596
-179.94038932462,0.177839413199612,-155.115145983277,-180.088536879834,0.0456749335747552,154.851018260194,179.813192266691,-1.92031720205914,-154.041164310979,180.561455946301,-1.40321208926452,157.029237673695,181.334006905125,-1.04590926251153,-154.841059219588,181.208538891619,-2.24623479203006,156.670777917782
-179.939391721841,0.179327304830525,-155.115486881018,-180.088618344447,0.0470083697459956,154.851184644324,179.809561908082,-1.91574204175249,-153.999407929967,180.565041277417,-1.40967027313279,157.065318236675,181.311493041934,-1.0579874948329,-154.823802340703,181.198742267501,-2.23629994223202,156.707263120668
-179.938513419154,0.18101288554948,-155.115831167411,-180.089074700198,0.0480677265400458,154.851175367577,179.806733662259,-1.91120517543216,-153.959976646278,180.570354637843,-1.41693804536759,157.104328605708,181.289599225491,-1.07027723254052,-154.806152890273,181.188303356799,-2.22882966412976,156.746016729337
-179.937736268156,0.182838568561014,-155.116188987724,-180.08991319152,0.0488118931764691,154.850985075145,179.804213511172,-1.90701083011789,-153.923374867967,180.576960894581,-1.4249975217225,157.145811031237,181.26859897868,-1.08268775988835,-154.788390193198,181.177433840027,-2.22404991343986,156.78660165376
-179.937049817195,0.18472787322074,-155.116563038341,-180.091094227296,0.049255192385898,154.850624666466,179.801483171765,-1.90354386168628,-153.890155757176,180.584393333725,-1.43377677624796,157.189256449485,181.248842531044,-1.09507559967198,-154.771086986413,181.166382069188,-2.22206705856092,156.828568650126
-179.936443969482,0.186587414613748,-155.116945534428,-180.092557330054,0.0494350735034319,154.850112490377,179.798072314148,-1.90119646382484,-153.8608308188,180.592254879009,-1.44316046655967,157.234188822743,181.230729046511,-1.10728393257004,-154.754903746951,181.155392143814,-2.22292724219443,156.871481863542
-179.935913751653,0.188318429812728,-155.117330284938,-180.094232912119,0.0494199771190337,154.849457922697,179.793653479439,-1.90031000953724,-153.83571742844,180.600276227923,-1.45304069178072,157.28013439829,181.214656070493,-1.1191458396241,-154.740376905984,181.144691854431,-2.2266537437196,156.914948369435
-179.93545849254,0.189844053279324,-155.117712487102,-180.0960471105,0.0492865842637609,154.848672568652,179.78808363189,-1.90111391465105,-153.814775745866,180.608330826788,-1.46335031656722,157.326526915933,181.200958437228,-1.13048002558638,-154.727783799443,181.134444363056,-2.23325927143728,156.958571714414
-179.935071155497,0.191111384106211,-155.118088544733,-180.097944173738,0.0490883510891797,154.847783492915,179.781404382541,-1.90367863513178,-153.797588902686,180.616422712642,-1.47406392664119,157.372656097597,181.189858934531,-1.14113350729901,-154.717143699278,181.12476440265,-2.24261283928611,157.001929439342
-179.934725140028,0.192083471707958,-155.118451208433,-180.099888397791,0.0488550592265899,154.846824072727,179.773821742308,-1.90792174756749,-153.783487077539,180.62466266168,-1.48515514386995,157.417647218529,181.181455384402,-1.15098803324469,-154.70835830609,181.115728563155,-2.25436687973927,157.044533386256
-179.9343835063,0.192750618378272,-155.118800020363,-180.101837077687,0.0486014713484235,154.845836164441,179.76565038795,-1.91361675745669,-153.771703713372,180.633201524126,-1.49657886956766,157.460532604311,181.175719729684,-1.1599543893838,-154.701298584091,181.107362848979,-2.26798865594038,157.085755107081
-179.934021135585,0.193124356792403,-155.119144430546,-180.10372961909,0.0483287864121633,154.844852738422,179.757262711105,-1.92043416757461,-153.761517688615,180.64217095532,-1.50827794704275,157.500395163085,181.172494248482,-1.16800167551852,-154.695793151045,181.099683983176,-2.28284846565517,157.124835407397
-179.933623477879,0.193221717341937,-155.119482426481,-180.105502625586,0.0480509289852878,154.843889505141,179.749064871958,-1.92801529110504,-153.752350465807,180.651674719567,-1.52015505789922,157.53640907295,181.171525834619,-1.17517294886837,-154.691634692967,181.092701240073,-2.29829195365176,157.160944295268
-179.933176090502,0.193067235442132,-155.119798583226,-180.107092487341,0.0478114335946944,154.842962497792,179.741464020625,-1.93599145053132,-153.743831485925,180.66176420799,-1.53209395207211,157.567805062207,181.172498245991,-1.1815559521659,-154.688655639731,181.08642044694,-2.31366287655268,157.193284591887
-179.932669830166,0.192691838987832,-155.120077072046,-180.108437693908,0.0476526948455348,154.842092223123,179.734844988415,-1.94399361585902,-153.73584723564,180.672376637263,-1.54403762609804,157.593874976941,181.175041136338,-1.18724884704262,-154.686837117206,181.080901533678,-2.32832527877647,157.221213250814
-179.932113379802,0.192121185906791,-155.120316334951,-180.109498262975,0.047606106634072,154.841306688165,179.729552055897,-1.95167844924924,-153.728537034512,180.683296692818,-1.55599543192683,157.614032601042,181.178765049289,-1.19237765239487,-154.686337814723,181.076289929116,-2.34171772413384,157.244266926714
-179.931514880288,0.191379752635181,-155.120525786956,-180.110242324226,0.0477032197507656,154.840638754189,179.725887779323,-1.95876595300879,-153.72222935005,180.694198185901,-1.56792419177253,157.627891532544,181.183310220732,-1.19710057293278,-154.687411029474,181.072821571629,-2.35343389811297,157.26213292712
-179.930863551885,0.190514499013779,-155.120713545544,-180.110632039199,0.0479315486149245,154.840105282759,179.724140222631,-1.96509892682907,-153.717349351313,180.704725933141,-1.57962902378722,157.635274203713,181.188377976011,-1.20157701400346,-154.690321834385,181.070779725228,-2.36336486860338,157.274630875561
-179.930138481874,0.189589974527106,-155.120886480712,-180.110644969817,0.0481829431149685,154.839705784206,179.724551827288,-1.97063767233583,-153.714345279552,180.714581423059,-1.59085652290319,157.636090597935,181.193739780302,-1.20598664147189,-154.695331081881,181.07044285685,-2.37196307732245,157.281533355942
-179.929329672352,0.188664435881341,-155.121055004943,-180.110274501222,0.0483538417788326,154.839435738567,179.727259727431,-1.97540062773632,-153.71364019407,180.723622559336,-1.60144233970324,157.630189950265,181.199242481945,-1.21050922847444,-154.702706829748,181.072120550819,-2.38007812429788,157.282346429408
-179.928445607857,0.187793519294495,-155.121245988836,-180.109511149956,0.0484758495908876,154.839282738434,179.732295478766,-1.97944977565818,-153.715571400001,180.731888352901,-1.61129055590711,157.617360902137,181.204812756787,-1.21527278116668,-154.712642123637,181.07614160032,-2.38841044491599,157.276500210425
-179.927504617476,0.187022905014714,-155.121483997791,-180.108344685553,0.0486658335004462,154.839233446074,179.739619359356,-1.98290605570425,-153.72029967154,180.739517215442,-1.62025942282927,157.597511587173,181.21046075272,-1.22035646095291,-154.72506689698,181.082747390917,-2.39739793465658,157.263757741744
-179.926527959534,0.186369113284099,-155.121762933987,-180.106775033262,0.0490549727155753,154.839283709649,179.749138834591,-1.98595072501064,-153.727726532522,180.746648079744,-1.62812190801885,157.570836967872,181.216267591959,-1.22576870206037,-154.739581981463,181.092037414087,-2.40721177453102,157.2443935563
-179.925524671802,0.185830323490537,-155.122067474145,-180.104814501521,0.0497808336213741,154.839441247213,179.760702717253,-1.9888014278797,-153.737491564958,180.753367801784,-1.6346346924844,157.537777995469,181.222342488237,-1.23148175159429,-154.755577139759,181.103996742846,-2.41776686247595,157.219124243467
-179.92448429601,0.18541560022253,-155.122389755059,-180.102480332291,0.0509531528354492,154.839717991471,179.774101501872,-1.99165880483965,-153.749063984904,180.759709382092,-1.6396765205835,157.498842992908,181.228780302846,-1.23749301537086,-154.772358542677,181.118573809916,-2.42892555804909,157.188908749488
-179.923381802525,0.185166358278066,-155.122723152049,-180.099793293186,0.0526329741600163,154.840105314764,179.789074852875,-1.99463739990047,-153.761861229694,180.765680310142,-1.6433222972004,157.454479974921,181.235633877829,-1.24372919698883,-154.789198276088,181.135724496938,-2.44049725032093,157.154738372032
-179.922191276618,0.185137716886155,-155.123066897916,-180.096780639709,0.0548455456299717,154.840574416359,179.805333018899,-1.99777716201619,-153.775341887849,180.77128619532,-1.64577103663382,157.405109861029,181.242927378326,-1.24998329947404,-154.805391448496,181.155404644666,-2.45222174606469,157.117522249824
-179.920885833447,0.185369803654527,-155.12343414429,-180.093473877155,0.0576012787049752,154.841110073598,179.82261756125,-2.00109817840583,-153.789041787298,180.776520916176,-1.64722324573414,157.351310912011,181.250735551688,-1.25604489474417,-154.820374160348,181.177565880005,-2.46383794660475,157.078095407814
-179.919432887824,0.185871726928799,-155.123853006484,-180.089911819331,0.0609086399545884,154.841721999164,179.840775486531,-2.00460088822763,-153.802589226422,180.781387687582,-1.64788629439654,157.29395065481,181.25922345565,-1.26177720716549,-154.833776163721,181.202128183616,-2.47510371275895,157.037267006541
-179.917815576906,0.1866150016533,-155.12435282167,-180.086137302534,0.0647461143138679,154.84241998188,179.859788604464,-2.00832323018735,-153.815761330908,180.785980119818,-1.64808543803845,157.234161402927,181.268607104265,-1.26712195010438,-154.845430574238,181.2289058767,-2.48582395242753,156.995858602885
-179.916039745851,0.187551869914066,-155.124948860021,-180.082195273166,0.0690222709422896,154.843194862703,179.879748329693,-2.01237839988902,-153.828508581768,180.79053404678,-1.64822256143164,157.173275744531,181.279098509803,-1.27213396606293,-154.85538509192,181.257561399653,-2.49586218609093,156.954766095532
-179.914119217996,0.188644469846991,-155.125645106439,-180.078135297389,0.0735815866978549,154.844027950506,179.900826823576,-2.01687167816164,-153.84088240198,180.795387085604,-1.64861806950619,157.112735029703,181.290847033554,-1.2769731651981,-154.863821863804,181.287653959697,-2.50516561688299,156.914961342096
-179.912064243472,0.189897707180892,-155.126446114036,-180.074003179138,0.0782170478277969,154.844912593784,179.923242032929,-2.02185109401888,-153.852972493548,180.800952747004,-1.64948440199469,157.053886313357,181.303933161434,-1.28184265508767,-154.870957874584,181.318691880725,-2.51406709667043,156.877240906897
-179.909863677282,0.191359126070527,-155.127366096697,-180.069841271858,0.0826841058407332,154.845860938429,179.947186850418,-2.02729968546771,-153.864891167027,180.807783227961,-1.65107858657026,156.997702193186,181.31841604113,-1.28694847173128,-154.877043624216,181.350124513737,-2.52348638844688,156.841862463344
-179.907485976945,0.193087796480135,-155.128412169644,-180.065663780541,0.0867858325570274,154.846894358691,179.972780215745,-2.03311283135541,-153.876735556445,180.816560540056,-1.65381816845879,156.944562937953,181.334336229968,-1.29252175525805,-154.882329417604,181.381366887088,-2.53450426697478,156.808587038348
-179.904917960919,0.195130745252959,-155.129567045519,-180.061437986084,0.090457556724675,154.848021761945,180.000060356997,-2.03911340742125,-153.888544180049,180.827944877738,-1.65811384006169,156.894217976905,181.351687616738,-1.29879305806904,-154.886958800813,181.411884032265,-2.54797117734067,156.777000117285
-179.902170401613,0.197505945322485,-155.130814085013,-180.057164473062,0.093649466550764,154.849232947267,180.028990666437,-2.04512677246189,-153.900242003699,180.842400682077,-1.66418219082448,156.846011750952,181.370408581803,-1.30586295113774,-154.890938503403,181.441374238194,-2.56413300709052,156.746322102608
-179.89926273996,0.200184101996853,-155.132142398739,-180.052923195915,0.0962488438399723,154.850508151026,180.059507104518,-2.05105163040752,-153.911555871628,180.860133960294,-1.67217379571622,156.799302711466,181.390376205272,-1.3135741364313,-154.894122613179,181.469903767177,-2.58261043292755,156.715140741739
-179.896243599531,0.203085787883568,-155.133536488051,-180.048822576217,0.0982068514982799,154.851820793347,180.091589291651,-2.05684191846235,-153.921965394705,180.881120973699,-1.68232781694828,156.75384396786,181.411423380317,-1.32160612589183,-154.8962102426,181.497743103829,-2.6030672796923,156.682240949151
-179.893191145879,0.206118643894179,-155.134982464849,-180.044978748205,0.0995020979326604,154.853135247371,180.125313186214,-2.0624443893362,-153.930771573456,180.905114267396,-1.69483573085678,156.710014598991,181.43335606201,-1.32973621571579,-154.896834549866,181.525229497983,-2.62521504804949,156.647647371852
-179.89017560007,0.209215774815902,-155.136463360761,-180.041510166507,0.100068447723974,154.854405435569,180.160836167469,-2.0677929636559,-153.937288729529,180.931660988667,-1.70960631105157,156.668784803206,181.455982598754,-1.33793950882438,-154.895716235239,181.552864511199,-2.64858087621863,156.612419555784
-179.887244997705,0.212346935848134,-155.137960352539,-180.038519055899,0.0998586565421281,154.855583370514,180.198288880691,-2.07285591523338,-153.941044451134,180.960136358299,-1.72620346092227,156.631378458789,181.479139783944,-1.34627022639682,-154.892730737637,181.581311992005,-2.67272381001196,156.57784167806
-179.884437353319,0.215502007228403,-155.139463178781,-180.036068633204,0.0988928814485537,154.856621077948,180.237652318493,-2.0776807602179,-153.941873813425,180.989770536723,-1.74394321219008,156.598942232044,181.502661757616,-1.35466774129177,-154.887815175228,181.611245956483,-2.69725835143601,156.545053646582
-179.881776770378,0.218667285569415,-155.140968489463,-180.034157619697,0.0972941127572034,154.857486151361,180.278682605874,-2.08243135577175,-153.939942999976,181.019748644805,-1.7620823704141,156.572393591256,181.526386715148,-1.36295070108614,-154.880993146226,181.643222388603,-2.72183442043285,156.515027022336
-179.879258023324,0.221822432898629,-155.142473656739,-180.032721486884,0.0952936426934311,154.858182573282,180.320884124992,-2.08740690214801,-153.935742339973,181.049347791185,-1.78005698725998,156.552289945172,181.550221558838,-1.37105033162554,-154.872529501164,181.67761826299,-2.74648832926729,156.488377590648
-179.876854364051,0.224929378492466,-155.143976724601,-180.031649205307,0.0931754120652739,154.858742093208,180.363541667673,-2.09300848644077,-153.930014401086,181.078066879635,-1.7976459451871,156.538590589325,181.57416816277,-1.37911385416782,-154.862907571399,181.714668520991,-2.77170650664838,156.465018292342
-179.87453747393,0.227941659853345,-155.145471611738,-180.030786985341,0.0912089802431991,154.859207377311,180.405815046486,-2.09967813453075,-153.923577314245,181.105764055773,-1.81499941391007,156.53044407493,181.598289677483,-1.38735687310449,-154.852642536569,181.754527884345,-2.79784177058376,156.443895066741
-179.872278315324,0.230826171427221,-155.14695391625,-180.029970777742,0.0895984107626463,154.859623446361,180.4468675809,-2.10784353449496,-153.917072598587,181.132693544957,-1.83263360611223,156.526211961988,181.622675038217,-1.39594539000466,-154.842078483765,181.797237662404,-2.82488119916646,156.423057121195
-179.870052895568,0.233556749184235,-155.148430054991,-180.029071873405,0.0884237293884562,154.860045136384,180.485992116767,-2.11785282438212,-153.9107677339,181.159380869611,-1.85135230067594,156.523729537309,181.647445682388,-1.40498183635482,-154.831287185621,181.842598673513,-2.85258087873509,156.400356078545
-179.867836878962,0.23611248957415,-155.149905143661,-180.027984291162,0.0876660219348161,154.860537779786,180.522696542737,-2.12991824235583,-153.904444475378,181.186426339051,-1.87194317209263,156.520743586206,181.672745207551,-1.41452978913856,-154.820177650191,181.890092058977,-2.88066808260067,156.37411481665
-179.865605667537,0.238491092098135,-155.151373719614,-180.026619125214,0.0872885516277928,154.861153897625,180.556725883516,-2.14408735773714,-153.897379251262,181.214320435618,-1.89483965565129,156.515354187098,181.698669317337,-1.42464365891554,-154.80862926497,181.938902277568,-2.90912850869681,156.343085224823
-179.863358914183,0.240715364538241,-155.152827061043,-180.024937212818,0.0872332582253266,154.86191578731,180.588056568606,-2.16023818841826,-153.888487189654,181.243340287986,-1.92009685383332,156.506279349463,181.725230008686,-1.43540965253817,-154.796432513968,181.987954130065,-2.93819639809262,156.306036018183
-179.861125452186,0.242822557457629,-155.15425893235,-180.022976117539,0.0873660921342918,154.862826623583,180.616875598265,-2.17812153349732,-153.876554518834,181.273508156744,-1.94764285293362,156.493071384272,181.752363309142,-1.44695247642595,-154.783206573455,182.036010560427,-2.96806524462184,156.26193323676
-179.85896067388,0.244849732214958,-155.155660528161,-180.020862470016,0.0874370093092565,154.863879543872,180.64350195224,-2.19742558292336,-153.860444522214,181.304617003243,-1.9774553703646,156.476205036549,181.779897625516,-1.4593689715997,-154.768497490092,182.081885568627,-2.99854563659636,156.210903641742
-179.856933109199,0.246836658554861,-155.157007256558,-180.018777476136,0.0870996113488859,154.865046113717,180.668273998739,-2.21781269248054,-153.839272422705,181.336352007448,-2.00950797662571,156.456818827303,181.807520536852,-1.47275161555919,-154.751953318065,182.124639665936,-3.02910450954438,156.154297210641
-179.855095416491,0.248819907563279,-155.158267905288,-180.016882686127,0.0860020097040354,154.866277527455,180.691469425577,-2.23892976624065,-153.812556342531,181.368369160568,-2.04359710443748,156.436312319107,181.834805608174,-1.48720549346521,-154.733455085016,182.163576045852,-3.05923185307816,156.093834225148
-179.853476937186,0.250819685797033,-155.159425973512,-180.01527706857,0.0838896757257591,154.867520262766,180.713286060328,-2.26041562203289,-153.780319545146,181.400233118413,-2.07923460193439,156.416055275484,181.861260134185,-1.50280439158037,-154.713179860957,182.198158686794,-3.08857235407207,156.031340480855
-179.852111241963,0.252838650374916,-155.160467373544,-180.014008560698,0.0806741507179325,154.868728244532,180.73384650352,-2.28196343486222,-153.743114539156,181.431318792846,-2.11574079798664,156.397215345519,181.886363976676,-1.51958310759433,-154.691610790696,182.228024149563,-3.11694886462947,155.968672023348
-179.851039337022,0.254836903006929,-155.161375691371,-180.013108329592,0.0764639494011698,154.86986254542,180.753176778478,-2.3033784558219,-153.701964179373,181.460842235043,-2.15245999857265,156.380641341465,181.909599809811,-1.53753880018301,-154.669515805911,182.252997897667,-3.14447037232321,155.907429303749
-179.850293354729,0.256746455619708,-155.162142620715,-180.012603312476,0.0714842873925979,154.870881561981,180.771191094847,-2.32454318864668,-153.65821481278,181.488002331808,-2.18891009932416,156.366807136905,181.930487481835,-1.55667343763597,-154.647843126737,182.273023412735,-3.17153694316477,155.848944651725
-179.849878722085,0.258511638150106,-155.162756852256,-180.01252109205,0.0659096596637162,154.871742974768,180.787733445531,-2.34547944872745,-153.613333456543,181.512078173551,-2.22481219233283,156.355830585685,181.948588221507,-1.57704610782682,-154.627584641881,182.288081810451,-3.19859475858155,155.794514152724
-179.849760962804,0.260112087496071,-155.163205064324,-180.012884053498,0.0597545567136257,154.872419344247,180.802626656178,-2.36644093659475,-153.568702462538,181.532443519598,-2.26002331180436,156.347535670309,181.963457004431,-1.59872847500506,-154.609606043931,182.29822726574,-3.22599598736758,155.745346802907
-179.849904444161,0.261584565606106,-155.16349619903,-180.013672591489,0.0529942271216344,154.872909551915,180.815663686152,-2.38775678645697,-153.525508828402,181.548596730022,-2.29450659707145,156.341451529376,181.974668405677,-1.6217146712555,-154.594484985402,182.303615745295,-3.25433624695573,155.702114752503
-179.850283914099,0.262998555422338,-155.163665385647,-180.014821333149,0.0458387206931267,154.87322323502,180.826579407537,-2.40966481196094,-153.484782888848,181.560216641472,-2.32837199821776,156.33686063167,181.981919316219,-1.64589002199918,-154.582648526261,182.304431745892,-3.28452111314259,155.664832733633
-179.850859056614,0.264417391509625,-155.163748016946,-180.016235897639,0.0387426109788249,154.873354469801,180.835033079751,-2.43237777598895,-153.447465198368,181.567167541699,-2.36175034690721,156.333152116383,181.985087130283,-1.67108680096954,-154.57460481814,182.300810334357,-3.31738728324341,155.633251059105
-179.851592252358,0.26587931139811,-155.163764548225,-180.01779314888,0.0322509814716958,154.8732855794,180.840593628154,-2.45616335290703,-153.414390552226,181.569478647675,-2.3946319670235,156.330157600288,181.984178571919,-1.6971761421722,-154.570805876023,182.292813678219,-3.3535246236932,155.607132495304
-179.852472650612,0.267394154653258,-155.163732765339,-180.019380055197,0.0268787700203228,154.872995120559,180.842792858105,-2.48129515162086,-153.386167072003,181.567373668385,-2.42694862431038,156.328084507566,181.979198757231,-1.72405608391786,-154.571312812403,182.280466836925,-3.39279302192533,155.586307961297
-179.853506218471,0.26895986659173,-155.16367252692,-180.020941898437,0.0229694634849471,154.87245008542,180.841253646869,-2.50794726771915,-153.362974543525,181.561317166079,-2.45876340745641,156.327322855616,181.970044672089,-1.75161822481343,-154.575679139231,182.263770597395,-3.43432198522891,155.570821759312
-179.854707012221,0.27058754084626,-155.163590519768,-180.022465406606,0.0206665515845399,154.871614369181,180.835795548328,-2.53613936042097,-153.344472220922,181.551957732489,-2.49033815937931,156.328397732999,181.956499996502,-1.77983237912961,-154.583105681846,182.242618553567,-3.47730542194251,155.561376749887
-179.856099374861,0.272283277291298,-155.163492550337,-180.023954711916,0.01995054997565,154.870464725962,180.826469024827,-2.56576549917482,-153.330022688276,181.540006986861,-2.52197374012027,156.331923416194,181.938339229663,-1.8087860945697,-154.59268449475,182.216744334927,-3.52100689497816,155.559430536544
-179.857710322752,0.274022140097765,-155.163407104571,-180.025441135105,0.0206962378935859,154.869007263628,180.813509125867,-2.59663257192764,-153.31908586393,181.526142007491,-2.55380539220303,156.338401575262,181.915430920731,-1.83857944788683,-154.603691830048,182.185850892701,-3.56469928518554,155.566287395252
-179.859573621667,0.275775460400381,-155.16337441626,-180.026966735142,0.0227564725659473,154.867275063495,180.797230227607,-2.6285120466427,-153.31146958704,181.510854522895,-2.58578342123376,156.348004656323,181.887761383117,-1.86926771465432,-154.615835883026,182.149819483403,-3.60789406888839,155.582071960154
-179.861731891994,0.277535874868454,-155.163437709796,-180.028557349757,0.0260282582144416,154.865287960322,180.777982946332,-2.66124905714669,-153.307346443829,181.494266115937,-2.61769407099011,156.360623822881,181.85541433938,-1.90088791600393,-154.629232675865,182.10884567429,-3.65029210425377,155.605614936194
-179.864203597652,0.279316631751178,-155.163641127842,-180.030230805468,0.0304564242608655,154.863040922043,180.756202061677,-2.69482636104196,-153.307164858319,181.476048434341,-2.6491340154536,156.376168675517,181.818522772627,-1.93348058486744,-154.644165006493,182.063429866241,-3.6918172549742,155.635310453576
-179.866973177174,0.281140525124861,-155.164018756491,-180.032007614446,0.0359671239490741,154.860533507383,180.732420862332,-2.72931474596843,-153.311551431451,181.45549808892,-2.67960716939996,156.394818417547,181.777221770318,-1.96703391981846,-154.66092311774,182.01428102027,-3.73255323170385,155.670181899596
-179.870028225305,0.283031925271274,-155.164586544603,-180.033900508902,0.042440633031447,154.857787593789,180.707245846879,-2.76477034342744,-153.321239992564,181.431729938925,-2.70863383912281,156.416980228355,181.731654507197,-2.00141995388631,-154.679825946346,181.962262050408,-3.77256275180051,155.710153122378
-179.873369432354,0.285020628147548,-155.165346047955,-180.035883562976,0.0497304866628413,154.854855547436,180.681359653863,-2.80110305446893,-153.337022053721,181.40393889141,-2.73576713188165,156.442902566591,181.682029879822,-2.03650129290043,-154.701260164064,181.908325896349,-3.81196043905616,155.755454945675
-179.876989022278,0.287144197616843,-155.16630181967,-180.03786827811,0.0577215415540861,154.851816131024,180.655494008025,-2.83800974870126,-153.359654469862,181.371648267402,-2.76070594208659,156.472248121474,181.628676661787,-2.07222517385479,-154.72562509592,181.853456032732,-3.85106547406441,155.80572278049
-179.880858587963,0.28944484010828,-155.167460568528,-180.039714378451,0.0663833855221108,154.848756461197,180.630334474874,-2.87506355682134,-153.389759375412,181.334801619846,-2.78333708659136,156.504024203433,181.572083219245,-2.10859320662543,-154.75323925061,181.798608368314,-3.89034356994763,155.859464219276
-179.884934714386,0.291976776780714,-155.168825738203,-180.041269388048,0.07570459551697,154.845757979479,180.606411299093,-2.91190389092586,-153.427756748322,181.293681316997,-2.80354920517978,156.536685077622,181.512990266926,-2.14561361840572,-154.784406184428,181.744602520333,-3.93024467270632,155.914408243302
-179.889172667542,0.294787169921751,-155.170407576713,-180.042406172182,0.0856183220106548,154.842885898345,180.583953286266,-2.94833190962186,-153.473836914975,181.24880339434,-2.82123380734547,156.568115222236,181.452391061125,-2.1832730037881,-154.819533221283,181.69206717903,-3.97111006760009,155.96820177857
-179.893512886101,0.297873734075143,-155.172216604737,-180.043022113925,0.0960365221783888,154.840200337052,180.562793845135,-2.98430453966026,-153.527932310769,181.200880693807,-2.8364934501201,156.595818684427,181.391362408209,-2.22153481450962,-154.85902250861,181.641431946425,-4.01321976452218,156.018931112439
-179.89787748182,0.301184208700486,-155.174249169482,-180.043017779004,0.106899370790115,154.837746228439,180.542474600687,-3.01997464565496,-153.589521864575,181.150798039883,-2.84963515341652,156.617537553966,181.330937411975,-2.26030557907694,-154.902957559255,181.592914774611,-4.05679290182087,156.065464901132
-179.90219287417,0.304630724767308,-155.176481491801,-180.042308520579,0.118175582132882,154.835536703304,180.522449170541,-3.05566134350076,-153.657423498062,181.099513729422,-2.86104098492001,156.631875113079,181.272014744641,-2.29938522125649,-154.950896936642,181.54654579988,-4.10193132144831,156.10749411213
-179.906387401258,0.308099788387081,-155.178884494366,-180.040865637554,0.129795719202039,154.833583630852,180.502246450689,-3.09171012910622,-153.72987103967,181.04789112254,-2.87112117202639,156.638564758912,181.215304668835,-2.33847905099384,-155.00193897972,181.502232954282,-4.14858535581482,156.145342059339
-179.910401590345,0.311480413365844,-155.181425902844,-180.038728157067,0.141630070739202,154.831902245656,180.481561099981,-3.12839850355632,-153.804796150031,180.99653080843,-2.88026426037648,156.638506054221,181.16136855581,-2.37723566066335,-155.05486378896,181.459860580779,-4.19640426638154,156.179639102145
-179.914189945738,0.314677182353992,-155.184053205693,-180.035987166414,0.153492494833835,154.830491097655,180.460303541833,-3.16590356964877,-153.880120021311,180.945692902028,-2.88873506230039,156.633654965514,181.110646266819,-2.4152856545466,-155.108385836672,181.41942958948,-4.24480622547497,156.210991311948
-179.917705081091,0.317614099862991,-155.186709408844,-180.032761774195,0.165153374921948,154.829331290416,180.438638256527,-3.20428415003135,-153.954006304202,180.895342669334,-2.89654342724125,156.62664565683,181.063432589191,-2.4523053840016,-155.161448637648,181.38112306398,-4.29323635600664,156.239946908951
-179.920910138651,0.320250615072205,-155.189345233415,-180.029158548207,0.176436362862038,154.828400477399,180.416951140014,-3.24346057563512,-154.025091981713,180.845284982894,-2.90339533516824,156.620212021219,181.019828056225,-2.48806162592539,-155.213356865282,181.345198889336,-4.34109933141621,156.267142529464
-179.923791626997,0.322570005320699,-155.191918865617,-180.025255375474,0.187255709566046,154.827688419816,180.39574540821,-3.2832343854862,-154.092563597979,180.79531499109,-2.90885006732407,156.616662436534,180.97973244754,-2.52237771662126,-155.26378506619,181.311882171328,-4.38770737557661,156.293327723718
-179.926368069939,0.324574174936307,-155.194400211497,-180.0211201216,0.19758071620474,154.827180418879,180.375545440136,-3.32335703389674,-154.156049191211,180.745338254626,-2.9125339749408,156.61750401454,180.942883754431,-2.55505609856456,-155.312667112667,181.281342330499,-4.43253748567839,156.319247919562
-179.928681523564,0.326311495952258,-155.196764361287,-180.016830897631,0.20742763723984,154.826835368336,180.356809407115,-3.36354513958729,-154.215511924793,180.695484656078,-2.9143055086541,156.623254922344,180.908913876406,-2.5858685112634,-155.360013617164,181.253621974557,-4.47529988618614,156.345657159432
-179.930785865374,0.327873585015678,-155.19898645678,-180.012486808962,0.216866342255458,154.826593211781,180.339810488819,-3.40352103954447,-154.271225570494,180.646145980458,-2.91443983420155,156.633599342995,180.87749199601,-2.61473404400683,-155.405734262094,181.228535899295,-4.51559064313324,156.373662762638
-179.932747366853,0.329354901955749,-155.201056576737,-180.008213662824,0.225963235447069,154.826390651268,180.324562344431,-3.44307766069827,-154.323699067773,180.597913893024,-2.91359869738141,156.64782781992,180.848480119617,-2.64187404382177,-155.449594876461,181.205676541906,-4.55275955050131,156.404780336701
-179.934626344955,0.330812988309097,-155.202985989659,-180.004176135291,0.234707839324345,154.826173278334,180.310888037333,-3.48206472040467,-154.373505153097,180.55145260281,-2.91250067027182,156.665322349166,180.821929157189,-2.66761951774564,-155.491332281968,181.184520019384,-4.58614111521623,156.440438177948
-179.936462516169,0.332252073654859,-155.204787789843,-180.000548805733,0.243025535038685,154.82589048754,180.298504077169,-3.52039555699939,-154.421170713158,180.507310859216,-2.91166005337104,156.685876332574,180.797938937105,-2.69221158842321,-155.530714642148,181.164518623467,-4.61519807515613,156.481591040135
-179.938277851134,0.333633711711194,-155.206471352304,-179.997456769391,0.250829591676907,154.825491459429,180.287049848051,-3.55802518340405,-154.467099579988,180.465817119302,-2.91133798647664,156.709706134243,180.776531424046,-2.7158378347263,-155.567584894594,181.145155192477,-4.63968575492848,156.528596486107
-179.94008497136,0.334900794565468,-155.208042888021,-179.994970529191,0.258042067491566,154.824940861567,180.276166324571,-3.59486585144326,-154.511468358947,180.42713750516,-2.9116148197217,156.737201342026,180.757602560226,-2.73864922729244,-155.601848356144,181.125991283355,-4.65976462231886,156.581114808517
-179.941898876925,0.335998381229328,-155.209501286519,-179.993121402487,0.264598907774548,154.824230411576,180.265568371926,-3.63081484815522,-154.55420206121,180.391360465853,-2.91250328874126,156.768589240088,180.740933459043,-2.76073589194524,-155.633403578602,181.106702658101,-4.67589304750182,156.638154467393
-179.943735905654,0.336875971954357,-155.210844557455,-179.991908624486,0.270458034007555,154.823377521815,180.255049485238,-3.66582247957736,-154.595103002062,180.358501559081,-2.91399622060489,156.803712408721,180.726257465475,-2.782141044168,-155.662256799906,181.087102516761,-4.68869645366022,156.69834777173
-179.945603396026,0.337493196030214,-155.212079477128,-179.991316466892,0.275600162288654,154.82240936451,180.244473415453,-3.69986641477323,-154.634019620808,180.3284799075,-2.91606667721646,156.841989761414,180.713352353898,-2.8028602975167,-155.688638982086,181.067137342305,-4.698820903868,156.760164354605
-179.947486937543,0.337837559305754,-155.213209918741,-179.99131421083,0.280014536019127,154.821355042382,180.233755037466,-3.73287383237912,-154.670878543337,180.301121839367,-2.91865991493167,156.882495529202,180.702098209548,-2.82285871108057,-155.712932059133,181.046863394656,-4.7068633755831,156.822045909192
-179.949360530211,0.33791869910343,-155.21422802888,-179.991841315233,0.283701485661839,154.820248932706,180.222848699836,-3.76467782172011,-154.705620611644,180.276205470805,-2.92168357719072,156.924097106456,180.692473520392,-2.84211746919526,-155.735551729535,181.026404965193,-4.71336798530376,156.88262391563
-179.95120030955,0.337733797143007,-155.215131323431,-179.992801379132,0.286697715523749,154.819114322208,180.211767666872,-3.79507906924227,-154.738175347752,180.253528474269,-2.92502465790241,156.965581858113,180.684483271451,-2.86061158697982,-155.75688797664,181.005893646625,-4.71882227930132,156.940804408068
-179.952970443275,0.337259806368429,-155.215921509257,-179.994078006431,0.28906173876113,154.817969969128,180.200591573711,-3.82390813478554,-154.768451959961,180.232959283154,-2.92860488259573,157.005681433663,180.678066131335,-2.8783069212877,-155.777274556372,180.985466000112,-4.72372737884946,156.995522485723
-179.954631311944,0.336487672860108,-155.216589347763,-179.99556682753,0.29083861559919,154.816844643358,180.189422431703,-3.85099952784922,-154.79632259545,180.21443901052,-2.93241715634979,157.043043691052,180.673061581303,-2.89521732763292,-155.796924990603,180.965280908557,-4.72858488719304,157.045491809789
-179.95615651788,0.335429679323423,-155.217108124712,-179.997176367359,0.292052083079844,154.815750417457,180.178325400184,-3.87616144395262,-154.821649037527,180.197979422794,-2.9365380293748,157.076222522559,180.669267503348,-2.9114140786049,-155.815886887853,180.945496514918,-4.7337588509002,157.089341174099
-179.95752124491,0.334104926815871,-155.217443277273,-179.998818628069,0.292714214803347,154.81468150002,180.167316324683,-3.89921605177793,-154.844286442008,180.183643935209,-2.94114015248073,157.103696483101,180.666546965782,-2.92696595565125,-155.834113201284,180.926242828452,-4.73938000339805,157.12584152148
-179.958697286498,0.332541582323333,-155.217569379156,-180.000439253283,0.292833919698155,154.813637357488,180.156376212172,-3.92002682757192,-154.86407147841,180.171461344599,-2.94645043557645,157.123957609302,180.664876396834,-2.94189786659052,-155.851543357813,180.907604642283,-4.74533381087556,157.153811429528
-179.959664291168,0.33075462258132,-155.217478196883,-180.002016280588,0.292393011810661,154.812626189557,180.145446470416,-3.93852202146792,-154.880840466217,180.161383347009,-2.95272947297448,157.13559929912,180.664304804754,-2.95630157103627,-155.868075851108,180.88969148192,-4.75139946960492,157.171916162942
-179.960404186764,0.328747816549485,-155.217184308869,-180.003530099194,0.291342596055923,154.811662632101,180.134433617201,-3.95474744716424,-154.894409643571,180.153261951377,-2.96024612401089,157.137418039941,180.664898036937,-2.97039964454409,-155.883481727006,180.872698357236,-4.75742392604884,157.178761784149
-179.96089611171,0.326534286513328,-155.216714601742,-180.004977559751,0.289612587407531,154.81077987256,180.123229970636,-3.96879535224477,-154.904532166669,180.146840841835,-2.96918209412388,157.128560335482,180.66667248022,-2.98439817420132,-155.897397230792,180.856843066265,-4.7632625370658,157.173158992367
-179.961121734714,0.324114997447821,-155.216076405664,-180.006386581181,0.287091435521248,154.810043044801,180.111688683168,-3.9806967761462,-154.910881975414,180.141833640016,-2.97959911919571,157.108619476268,180.669532971478,-2.99841225475216,-155.909437154727,180.842304816901,-4.76874671142842,157.154299736975
-179.96105556585,0.321477776268912,-155.215243077724,-180.007793912129,0.283648183954036,154.809525646396,180.099587229007,-3.99048630680645,-154.913102284002,180.138015477501,-2.99153641031344,157.077658602062,180.673302858493,-3.0124920274809,-155.91930753046,180.829196466275,-4.77387867492588,157.121671729364
-179.960668018412,0.318587004003732,-155.214176880657,-180.009204614308,0.279187104512347,154.809286517111,180.086644055231,-3.99830306202646,-154.91091036735,180.135322937853,-3.00514757031813,157.036128193655,180.677810649303,-3.02657814346608,-155.926888319349,180.81751696634,-4.77893521258643,157.074744322473
-179.959932632478,0.315375260672152,-155.212856237418,-180.010580159131,0.273675259263164,154.809376121085,180.072572776494,-4.00440856488878,-154.90413692841,180.133917024404,-3.02076888163441,156.984761058178,180.682928659016,-3.0404855904429,-155.93231496989,180.8070785447,-4.78425152695918,157.01297749293
-179.958821242208,0.311781243077527,-155.211272606281,-180.011863664317,0.267166112563116,154.809836917312,180.05715680663,-4.00918342559889,-154.892676593502,180.134150956336,-3.03893311903265,156.924573116348,180.688521042097,-3.05398082043695,-155.935933658389,180.797417467036,-4.79003281750789,156.93637538571
-179.95731917528,0.30777448273055,-155.209427684134,-180.012971704694,0.259815778851066,154.810699966154,180.040281607458,-4.01303116468736,-154.876381214059,180.136539729591,-3.06032582655913,156.857041532298,180.694314938349,-3.06685084370702,-155.938008321583,180.787698878521,-4.79624717001172,156.846077999625
-179.955437266293,0.303368890331547,-155.207359102369,-180.013793192853,0.251789324158132,154.811996782733,180.021896174804,-4.01620365354277,-154.854882259923,180.141722099009,-3.08560431782553,156.784366342673,180.69981686538,-3.0789671705182,-155.938384597533,180.776707356806,-4.80251738354553,156.744430107745
-179.953210854945,0.298650472694972,-155.205126121243,-180.014242203377,0.24322630079932,154.813747303652,180.002000893249,-4.01871953685244,-154.827480724169,180.150310369457,-3.11515596512965,156.709490283877,180.704348904898,-3.0903287962036,-155.936402102311,180.763004840869,-4.80852141088733,156.634535424932
-179.950711088591,0.293765636949273,-155.202765152975,-180.014339394463,0.234245346920611,154.81589943755,179.980697416636,-4.02039791179616,-154.793247358192,180.162724378881,-3.14894545924414,156.635951484467,180.707142313387,-3.10099318555663,-155.93104630727,180.745248075623,-4.81387244659474,156.519844593758
-179.948052172081,0.288896643619438,-155.200308024403,-180.014265330212,0.224871296925728,154.818296764229,179.958198352172,-4.02097571861934,-154.751278364779,180.179163461198,-3.18650281838759,156.567787393303,180.707411856323,-3.11098906403867,-155.92115700959,180.722519012278,-4.81767956293132,156.404287378113
-179.945382679562,0.284230105539378,-155.197810212466,-180.014300083301,0.215114920357441,154.82072268824,179.934785209467,-4.02026404248242,-154.700980449473,180.199615782616,-3.22702824820677,156.50926947126,180.704425807308,-3.12033769084112,-155.905475398415,180.694321392094,-4.81908420927028,156.292528441064
-179.942873083878,0.279898298658911,-155.195320155227,-180.01473181589,0.205006109680956,154.82297290343,179.910796498684,-4.01817548693236,-154.642332621048,180.223835846814,-3.26955635909782,156.464151432973,180.697580637255,-3.12911356722048,-155.882755813649,180.660392633372,-4.81749864350948,156.189311602953
-179.940686414136,0.275981795390245,-155.192870003049,-180.015850329248,0.194501712495368,154.824877724237,179.88657470164,-4.01466059200415,-154.576082982337,180.25140096395,-3.31321478739956,156.434831714907,180.686377870692,-3.13744060792573,-155.852299125005,180.620739419126,-4.81262737987697,156.098445558847
-179.93894247682,0.272552401788289,-155.19051124639,-180.017956901315,0.183536633827765,154.826280542284,179.862369506253,-4.00973587680938,-154.50382670604,180.281808816598,-3.3573866476518,156.422284978329,180.670360339455,-3.14556064074532,-155.814415526073,180.575613182623,-4.80481330778027,156.022746000366
-179.937719979777,0.269692385424763,-155.188322646615,-180.021319436787,0.172122397155239,154.827044348097,179.838302046302,-4.00359411264628,-154.427948002267,180.314571872309,-3.40153286584716,156.426767236107,180.649144978998,-3.153825559667,-155.770316632663,180.525323312604,-4.79449002308895,155.964745222856
-179.937063637943,0.267498856629526,-155.186387307128,-180.026132787248,0.160373739233007,154.827060032179,179.814370721842,-3.99669066734308,-154.351359418062,180.34927603615,-3.4448943750835,156.448574806391,180.622488947077,-3.16249600453659,-155.721682774589,180.470138489591,-4.78164853643322,155.927200246052
-179.936971379159,0.266119520648383,-155.184779628103,-180.032514725878,0.148476484525636,154.826242475539,179.790455546193,-3.98973483963238,-154.277085698696,180.385441843942,-3.48645085126655,156.488270891801,180.590287650445,-3.17171530355549,-155.670251136391,180.410343338436,-4.76650696028543,155.912765945449
-179.937414618881,0.265722336442644,-155.183579120273,-180.040511308723,0.136650014810266,154.824537723378,179.766308422933,-3.98362400677684,-154.207966722698,180.422270048932,-3.52519894451499,156.546424485665,180.55254104928,-3.18131620616943,-155.617574411888,180.346542331979,-4.74974558506135,155.923240796479
-179.938354668048,0.266358097257711,-155.182862183913,-180.050098521439,0.125142721387867,154.821922785673,179.741552434292,-3.97938657784437,-154.14653531164,180.458519021128,-3.56030548324053,156.623279956848,180.509452895755,-3.19064807526975,-155.564981605614,180.279910241483,-4.73222866328139,155.959010115738
-179.939732205236,0.267952126984082,-155.182677024984,-180.061200032691,0.114169569695075,154.818399078149,179.715768508899,-3.9781039796909,-154.094827528438,180.492500160469,-3.59099869488268,156.718538799218,180.461532167774,-3.19910647833371,-155.513636831844,180.21213947845,-4.71507030384875,156.019065395785
-179.941483982402,0.270387998360198,-155.183068236588,-180.0736979386,0.10384096908219,154.814001558269,179.688618192141,-3.98087280114643,-154.05414773684,180.522170448902,-3.61644396817256,156.831349114309,180.409514891933,-3.20651292630641,-155.464539352391,180.145400799172,-4.69957291987904,156.101704857498
-179.943554796519,0.273517151312165,-155.184080936983,-180.087393414222,0.0942210619281991,154.808809300631,179.659877003907,-3.9888134173522,-154.024959058894,180.545448068762,-3.63573179495534,156.960472133187,180.354306395828,-3.21294537831963,-155.418347827958,180.082234366576,-4.68711544393923,156.205079814621
-179.945882287169,0.277185799346835,-155.185739658195,-180.101982117098,0.0854404039160648,154.802927054291,179.629470540147,-4.0028750796374,-154.006826872398,180.560631341116,-3.64807244785662,157.104342508599,180.296955954553,-3.21852541513794,-155.375198952893,180.025138413394,-4.67898283445077,156.327110000169
-179.948395666936,0.281274284225308,-155.188053139482,-180.117073201355,0.0776964050921493,154.796470350115,179.597522950858,-4.02347713871569,-153.998429738669,180.566700833035,-3.65301679697665,157.260864645498,180.238593027689,-3.22338488728856,-155.334877529259,179.976264933424,-4.67629107432053,156.465014916904
-179.951029664397,0.285682973849247,-155.191002898944,-180.132237596926,0.0712181119871137,154.789563969913,179.564306254264,-4.05031250708325,-153.997797545573,180.563463542713,-3.65066104066532,157.427096455623,180.180385000911,-3.22778092433281,-155.29718786277,179.937351503908,-4.68008381558092,156.614913939568
-179.953725158263,0.29031641301989,-155.194515781467,-180.147074064181,0.0662134427235485,154.782349966448,179.530157355148,-4.08246061492534,-154.002722530177,180.551462608664,-3.64176124111239,157.599168684478,180.123498992562,-3.23206773128939,-155.262084044099,179.90959301887,-4.69113134330743,156.772069270417
-179.956415405993,0.295080774019427,-155.198470437412,-180.161233463715,0.0627818313677383,154.774998174321,179.49542649104,-4.11873224377754,-154.011083655907,180.531677638973,-3.62752566802333,157.772570345597,180.069052353451,-3.23658227917446,-155.229487680547,179.893540703929,-4.70970350320351,156.931494882693
-179.959026102616,0.299867213174981,-155.202731959908,-180.17440725706,0.0609265976222082,154.767689827157,179.460476941545,-4.15797374651097,-154.020973181649,180.505214655314,-3.60928692051833,157.942558191132,180.018043581672,-3.24167073806404,-155.199096594628,179.889183427567,-4.73560810412327,157.088336855631
-179.9614897932,0.304563467799836,-155.207154582611,-180.186332260564,0.0606053045598293,154.760585754081,179.425737257227,-4.19918133670527,-154.030796889022,180.473072098086,-3.58827891194889,158.10450704778,179.971314151875,-3.2476794739739,-155.170441827943,179.896152363129,-4.76826764997724,157.238031161321
-179.963745953346,0.309081664904635,-155.211584066871,-180.196793075328,0.0617844470952762,154.753811950698,179.391740432336,-4.24150025570081,-154.03945539968,180.435992430087,-3.56549739580785,158.254204269722,179.929569703392,-3.25481553839676,-155.143118441432,179.913932814798,-4.80687962018171,157.376405426335
-179.965758922335,0.313345705472673,-155.21588796746,-180.205617794206,0.0644585628495346,154.747477819088,179.359118372514,-4.28415351704883,-154.046525609453,180.394367103681,-3.54158126227135,158.3881386167,179.893375514226,-3.26309744997183,-155.117027318021,179.941951786972,-4.85058909095168,157.499880207824
-179.96752250461,0.317272640700132,-155.219973458069,-180.212682916654,0.0685964776593593,154.741676817661,179.328581039386,-4.32637910739234,-154.052288605296,180.348209192407,-3.51674570167705,158.503704949504,179.86311161507,-3.27241861559628,-155.092512390897,179.979646750641,-4.89859018438656,157.605710725731
-179.969030173502,0.320796396840906,-155.223766883198,-180.217905648684,0.0741278445737773,154.736482688146,179.300881682073,-4.3674267376989,-154.057505864207,180.297243186698,-3.49085300045611,158.59922082486,179.83896558922,-3.28255740469341,-155.070302991987,180.026564500686,-4.95012611671264,157.692039918596
-179.970280095554,0.32389458213038,-155.227197489487,-180.221227114123,0.0809347605304142,154.731970643623,179.27675491784,-4.40655877992534,-154.063131437053,180.241043300249,-3.463515595724,158.67385268755,179.820943781355,-3.29319237318545,-155.051315752856,180.082331897532,-5.00437940274756,157.757905991155
-179.971274126934,0.326564867750447,-155.23022243119,-180.222599618717,0.0888471652303881,154.728224950347,179.256844877855,-4.44306075545583,-154.070136100325,180.179240470518,-3.43420526264865,158.727264699669,179.808892654978,-3.30404388486868,-155.036472965496,180.146550827553,-5.06049712941109,157.803193207022
-179.97199823943,0.32879595383244,-155.232830974984,-180.221975851569,0.0977184492192526,154.725330062335,179.241626664808,-4.47631925399928,-154.0793623417,180.111829271056,-3.40253602494009,158.758951568843,179.802569775187,-3.31494426315538,-155.0265858926,180.218740314173,-5.11760602805429,157.828204573188
-179.972435981794,0.330568798231681,-155.23501854901,-180.219319045637,0.1074308376357,154.723348369548,179.231343353574,-4.50593894643935,-154.091459346457,180.039433376772,-3.36861339030085,158.767897100299,179.801684932129,-3.32577367202336,-155.022250431485,180.298314963969,-5.17473110682349,157.833053470184
-179.972578795536,0.331872262163499,-155.236780742584,-180.214640201299,0.117839564137924,154.722313450453,179.226009312752,-4.53178256676057,-154.106858494274,179.963406018727,-3.33322730699597,158.75284279288,179.805894090059,-3.33642274291727,-155.023749656081,180.384512587677,-5.23085896723504,157.817404545603
-179.972415229172,0.332706769778725,-155.238118101068,-180.208006412464,0.128793770751215,154.722231019149,179.225465521555,-4.55394974377241,-154.125646749176,179.885782152327,-3.29784531192068,158.712951303313,179.814816407746,-3.34680683871128,-155.030998205747,180.47621473469,-5.284927356705,157.780782952316
-179.971937166938,0.333082555811076,-155.239034958283,-180.199530707809,0.140134249652502,154.723066502919,179.229439864696,-4.57268757833562,-154.147462681298,179.809166555283,-3.26446601582009,158.648388285243,179.828062547779,-3.35685234394537,-155.043540280828,180.571724995697,-5.33577226007751,157.723161527901
-179.97113918887,0.333031346649651,-155.239538408828,-180.189381972048,0.151646868613181,154.724765082406,179.237625491072,-4.58821025081858,-154.171457547059,179.736582851764,-3.2354404357341,158.560297373005,179.845243558277,-3.36650647976275,-155.060564332762,180.668677826403,-5.38232789173439,157.645270175935
-179.969998795147,0.332595848451633,-155.239637439088,-180.177780937078,0.163048558357382,154.72728163764,179.24974328328,-4.60061876313642,-154.196356071266,179.671229823983,-3.21318818837647,158.45055166006,179.866024845759,-3.37582126369018,-155.080983243389,180.764118217363,-5.42398000562005,157.548393637021
-179.968471029956,0.331825409808895,-155.239342203198,-180.164979626609,0.173990649987374,154.730575154124,179.265553804399,-4.60996723370296,-154.220662154845,179.616122478964,-3.19974116628929,158.3220384227,179.890176920958,-3.38494619125459,-155.103638647732,180.854657020756,-5.46090790280756,157.434017005421
-179.966498877676,0.33078633734251,-155.238658728999,-180.151302320871,0.184013879316618,154.734595024315,179.284904163745,-4.61634490722017,-154.242817515696,179.573733586855,-3.19630794536018,158.179280761404,179.917528335954,-3.39400989724558,-155.127422342354,180.936836321826,-5.4935818371393,157.303766439533
-179.964042880804,0.329537272551363,-155.237603780852,-180.137177099188,0.192571793847157,154.739275318505,179.307783432566,-4.61988996096329,-154.261307021144,179.54583433168,-3.20303983841713,158.028505478165,179.947876220905,-3.40307912482012,-155.151209220279,181.007703355242,-5.52190469721018,157.159595356888
-179.961118030619,0.328120055991125,-155.236225294527,-180.123065229965,0.199181326771229,154.744515739902,179.334308894902,-4.6207230125049,-154.27476406973,179.533378057366,-3.21916323028286,157.876818777548,179.98087526881,-3.41216704124539,-155.17381331723,181.065199055836,-5.54542174121933,157.004031789949
-179.957798702171,0.326581091473115,-155.234588879536,-180.109427845486,0.203436985564304,154.750192742666,179.364683087338,-4.61889208987644,-154.281984600371,179.536176007423,-3.24343615138772,157.731115174056,180.015972155745,-3.42122747737738,-155.194038253843,181.108356406452,-5.56350979392443,156.84033860532
-179.954201189669,0.324968695898015,-155.232766930393,-180.096697484868,0.205037997883859,154.756193041306,179.399128324212,-4.61438928913214,-154.28201746463,179.552727447419,-3.27452617615284,157.597351097241,180.05243344393,-3.43022892966168,-155.210789029046,181.137412241276,-5.57551187493946,156.672428386062
-179.95046527207,0.323322311978543,-155.230830085035,-180.085177564075,0.203997353445657,154.762385555764,179.437780811242,-4.6072101438518,-154.274425305704,179.580527180306,-3.31101559846743,157.480221321206,180.089436977157,-3.439228243073,-155.223287868661,181.153549140078,-5.58112406821567,156.504757381542
-179.946744565318,0.32167378358517,-155.228836043901,-180.075011174077,0.200625023880351,154.768611086386,179.480539272166,-4.5973954208812,-154.259526521617,179.616630974468,-3.3511654905039,157.383101517892,180.126168491179,-3.44838029864398,-155.231311290998,181.158375251415,-5.58009319111742,156.34226241261
-179.943193767445,0.320033453380029,-155.226821418662,-180.066233058079,0.195363075586429,154.774723125025,179.526939843769,-4.58504415627677,-154.238423900592,179.65817924632,-3.39290064352913,157.308305891631,180.161900330238,-3.45802312099042,-155.235187008639,181.153613428499,-5.57224007585846,156.190010070306
-179.939930138125,0.31838062905546,-155.224796149944,-180.058817367186,0.188750721723469,154.780608306712,179.576222480571,-4.57033728883042,-154.212743137978,179.7028354917,-3.43420726489371,157.25764985033,180.196076802494,-3.46865258671315,-155.235521291036,181.140888197982,-5.55786806173555,156.052549076203
-179.937019649203,0.316672079699014,-155.222754136119,-180.052697034452,0.181365441631035,154.786172877717,179.627516182604,-4.55357115473276,-154.184310364914,179.74905789347,-3.47353989287287,157.232995701944,180.228295943668,-3.48075095868493,-155.232957334519,181.121351522976,-5.53753256683621,155.933666261705
-179.934505988998,0.314862972190647,-155.220695937628,-180.047785197049,0.173711208438928,154.791327030104,179.679920065918,-4.53516593410439,-154.154994941856,179.796046319307,-3.50997060243185,157.236141663617,180.25818919013,-3.49471312619411,-155.228108687615,181.09559564342,-5.51184220912902,155.836616854895
-179.932423776973,0.312945605936205,-155.218645922416,-180.044011058515,0.166163889290883,154.795996168222,179.732505799916,-4.51568470437711,-154.12666153979,179.843522187742,-3.54324886328197,157.267862484221,180.285379533658,-3.51069190002786,-155.221556268875,181.063904896317,-5.48195034941222,155.763974968424
-179.930795118328,0.310959033920095,-155.216636520061,-180.041332134191,0.158961497952348,154.800129041924,179.784379572078,-4.49588578023022,-154.101081058918,179.891417189068,-3.57379138968031,157.327114908397,180.30954042,-3.52859210362133,-155.213807318577,181.026368459932,-5.44973006139565,155.717117100663
-179.929627826641,0.308976749789647,-155.214705320831,-180.039719271457,0.152204635257535,154.803693872368,179.834741955424,-4.47668403340764,-154.079734898472,179.939503862977,-3.60247692041105,157.411049462506,180.330420996428,-3.54828963757188,-155.205287033817,180.982961701156,-5.41731201263555,155.695885372638
-179.928909509463,0.307106200654567,-155.212916143758,-180.03912114634,0.145927701655674,154.806674738694,179.882856256584,-4.45901859784274,-154.063583301802,179.98712538562,-3.63027050229878,157.51547669857,180.347793327672,-3.5696758206767,-155.196345327456,180.933740461832,-5.38673623801433,155.698455960093
-179.928617248635,0.305450224219926,-155.211346249354,-180.039442457717,0.14017124609915,154.809063619481,179.928028007984,-4.44377148396712,-154.052899022542,180.033042550957,-3.65788065922415,157.635521378425,180.361399137131,-3.59264851257167,-155.187158358464,180.878940603976,-5.35961795957139,155.721563743892
-179.928724985654,0.304048955352094,-155.210052697143,-180.040547591871,0.135037255134512,154.810863436741,179.969594715201,-4.43176430106349,-154.047233964387,180.075444019505,-3.68559684360203,157.76616195545,180.370920476277,-3.61709536164286,-155.177729727633,180.819024585086,-5.33707042367626,155.761135919442
-179.92919498637,0.30288386577407,-155.209065912868,-180.042283968602,0.130680732876604,154.812104149554,180.006886791886,-4.42373922450237,-154.045541537338,180.112125867267,-3.71327371242938,157.902461691053,180.375918433795,-3.64285029627929,-155.168083030407,180.754723038826,-5.31985374720325,155.812846796432
-179.929986323435,0.301939069466031,-155.208399602227,-180.044514778087,0.127195328867752,154.812840240213,180.039195603413,-4.42029962584984,-154.046396310168,180.140826875422,-3.74053914642546,158.039670521175,180.375760421304,-3.66966769526307,-155.158332713429,180.686932855479,-5.30843571763935,155.872481435868
-179.931066634242,0.30121986962028,-155.208049522109,-180.047105884007,0.124596167318582,154.813133906426,180.065669338861,-4.42170078874984,-154.048277920705,180.159611646214,-3.76709707058758,158.173383098769,180.369640216072,-3.69713599930064,-155.148539158718,180.616531089075,-5.3031638018919,155.936151660418
-179.93241602386,0.30070551332893,-155.207993174955,-180.049919900938,0.12283494685857,154.813051318015,180.085254134317,-4.42777932953391,-154.049827079568,180.167049495751,-3.79275460626381,158.299844806124,180.356695975561,-3.72473498615215,-155.138571271952,180.544235297452,-5.30433227096455,156.000382536031
-179.934039247155,0.30035162489182,-155.208213559922,-180.052853413919,0.121783081529276,154.812664360541,180.096865020477,-4.43824550847563,-154.049989197262,180.162219573124,-3.8173377161422,158.4162311184,180.336049446927,-3.75199485134279,-155.12823222376,180.470512499547,-5.31210300450326,156.062254253397
-179.935950256795,0.30014340976807,-155.208717126659,-180.055818719272,0.121304501455983,154.812037636395,180.099631623073,-4.452820637435,-154.048218733612,180.14465308654,-3.8406980109346,158.520722631228,180.306710014587,-3.7785881234891,-155.117524562084,180.395503832125,-5.32640068730796,156.11958992486
-179.938150490438,0.300069824999077,-155.209523412542,-180.058715295766,0.121307242832491,154.81123280004,180.093026869357,-4.47126069320658,-154.044619098458,180.114256053438,-3.86269565562768,158.612398679195,180.26755911656,-3.80439320085405,-155.106656414673,180.31903181734,-5.34691766855674,156.170887330533
-179.940636960272,0.300100704886894,-155.210656710681,-180.061473823969,0.121636064411225,154.810335571422,180.07689137549,-4.49337509284086,-154.039809998026,180.071276810449,-3.88329857835711,158.690916647057,180.217423945169,-3.8293838393796,-155.09582012907,180.24068865152,-5.37330437285567,156.214871455212
-179.943408425261,0.300215473463124,-155.212134788391,-180.064022971538,0.122189396874147,154.809437931209,180.051452386924,-4.51878293611934,-154.034825917573,180.01628766497,-3.902721675785,158.756124676864,180.155098954197,-3.85355037322856,-155.085042148172,180.159980880333,-5.40525686570909,156.250079022905
-179.946474419352,0.300389971194823,-155.213989409959,-180.066224597788,0.123097116656903,154.808586643336,180.017323220984,-4.5466555635547,-154.0311224969,179.950158310187,-3.92137448404936,158.807860225891,180.079357135797,-3.87704328852284,-155.074287030017,180.076428071269,-5.44266194435009,156.274862967589
-179.949862796853,0.300616496745925,-155.216305059887,-180.067916333644,0.124517946393095,154.807792536527,179.9754636309,-4.57557341829304,-154.030458197818,179.873991257035,-3.93974774427174,158.846187494383,179.988950207863,-3.9002165445745,-155.063690864263,179.989509860701,-5.48582143230959,156.28783307555
-179.953647978044,0.300897249223373,-155.219236819625,-180.068894266203,0.126645632146888,154.807071410862,179.92724756448,-4.60310689806157,-154.034780339498,179.789039177368,-3.95827873220962,158.871753789451,179.882543981171,-3.92354641764478,-155.053606084672,179.898612969663,-5.53544197315833,156.288368961558
-179.957959462808,0.301196768142543,-155.223022661115,-180.068896514965,0.129786796357037,154.806446967285,179.87464931707,-4.62538222866623,-154.046135875719,179.696696861009,-3.97726307476219,158.885633684762,179.75855542372,-3.94760916970269,-155.044461626728,179.803018807743,-5.59209715796771,156.276927463014
-179.962917383145,0.301386545826442,-155.227961340151,-180.067662831764,0.13417278348825,154.80594843464,179.820320969915,-4.63744560286273,-154.066242904213,179.598585772133,-3.99699100121752,158.888985827627,179.614968725991,-3.97305572600203,-155.036637763361,179.701970505506,-5.65546460576406,156.254957135335
-179.968575632152,0.30119738671896,-155.234402130681,-180.064946105714,0.139916890744943,154.805627264355,179.76744682019,-4.63422036880155,-154.095647526131,179.496614229954,-4.01784378612713,158.882901750261,179.449289339598,-4.00064428002619,-155.03031869273,179.59471750432,-5.72439494145387,156.224315171333
-179.974881246395,0.300348044750597,-155.242736792893,-180.060536216484,0.147059709899756,154.805555045139,179.719622693162,-4.61130581874017,-154.133014517498,179.392833468976,-4.04015657475527,158.868301078413,179.258490463236,-4.03121486574846,-155.025193905902,179.480469695978,-5.79747696733276,156.186426683247
-179.981751076402,0.29857410860205,-155.253306919476,-180.054319987324,0.155533525934227,154.805783800139,179.681074056374,-4.56546717284048,-154.175286550646,179.289177676627,-4.06411509019946,158.845756042431,179.03891764533,-4.06549081446745,-155.020181513261,179.358569647481,-5.8732193913951,156.141643744609
-179.989382715914,0.295543549583385,-155.266109392106,-180.046323321463,0.165175291305741,154.806325488968,179.656966063625,-4.49484150678419,-154.218633187314,179.18725965605,-4.08979334543224,158.815354305951,178.78644593084,-4.10408689203684,-155.013405737138,179.228785561,-5.95028413563702,156.089302218014
-179.999544118485,0.291236412635715,-155.280481019092,-180.036702783917,0.175782898696771,154.80716562171,179.653356411227,-4.39883940697849,-154.25942413794,179.088150969648,-4.11716919920978,158.776908425471,178.496743095975,-4.14756559723356,-155.002557313093,179.091387595346,-6.02773938133696,156.028322320867
-180.019532484848,0.286054610570094,-155.29581111359,-180.025706410796,0.187110741521482,154.808265159478,179.67683883198,-4.27785255486858,-154.294770010456,178.992250058035,-4.14604001841583,158.730305294029,178.16551695218,-4.19629302419118,-154.985530556377,178.947137750984,-6.10506254366107,155.957591088395
-180.064156654693,0.281132824365732,-155.312362405654,-180.013658316552,0.198857857008858,154.809562720307,179.734237852698,-4.13280595475528,-154.322634906643,178.89946019103,-4.17607327320524,158.675439633286,177.788810182564,-4.25034652338951,-154.960835516998,178.797386324752,-6.18234884445354,155.875877806101
-180.150262020626,0.279278439827629,-155.330453653215,-180.000915908724,0.210722369018092,154.810991005804,179.83210892662,-3.96475018003936,-154.341718454979,178.809480220979,-4.20706272047756,158.611964889447,177.363267994378,-4.30946734457467,-154.927490886724,178.643868597476,-6.26001116977865,155.782316544029
-180.291219772083,0.284415518198368,-155.349320906623,-179.987788005818,0.222458351660472,154.812484931908,179.975852997711,-3.77486013092401,-154.351159084284,178.721978710892,-4.23898723965805,158.539400413657,176.88653514267,-4.37317874656331,-154.88468042516,178.488244754929,-6.33820823244834,155.677234806207
-180.498223880061,0.300385744457915,-155.366791747131,-179.974503128891,0.233876703617832,154.813992519759,180.169088662593,-3.56475224224726,-154.350067933792,178.636703189248,-4.27182076809149,158.457438840214,176.357615825062,-4.44085161428557,-154.831501292269,178.331952899281,-6.416877299592,155.56197307779
-180.783799311134,0.330691600440654,-155.379537269005,-179.961231526525,0.244834097834786,154.815473445453,180.413506968007,-3.33679907237785,-154.337188689186,178.553520982905,-4.30550505520494,158.366119894742,175.776904949212,-4.51138913598603,-154.767014758198,178.176221258397,-6.49577833457212,155.438259402794
-181.16401206581,0.380366544586551,-155.383928395378,-179.948107720362,0.255245229997433,154.816902292298,180.708976253317,-3.09461040764393,-154.310910447858,178.472381171323,-4.34009652987589,158.265923929016,175.145901022192,-4.58322597062073,-154.69069976734,178.022041791102,-6.57456538273084,155.307953622049
-181.648599186205,0.452148991261966,-155.377400140034,-179.935230173886,0.265118710523847,154.818275316913,181.053737449471,-2.84317968125835,-154.26948427658,178.393250600763,-4.37572217110546,158.158013325159,174.467320049868,-4.65427043227639,-154.602705815387,177.870093275757,-6.65282482080235,155.173072362315
-182.244055894823,0.548188303923408,-155.359718654354,-179.922638294882,0.274576538142349,154.81957276499,181.444641768913,-2.58793304443361,-154.21137430056,178.316055190122,-4.41247210442948,158.044306930046,173.745692178039,-4.72119783872421,-154.503666306871,177.720562485848,-6.73005779193252,155.036052502394
-182.947949984232,0.667654169794116,-155.332610048155,-179.910324110769,0.283790123372405,154.820744515777,181.877578369127,-2.33427785853452,-154.135961477287,178.240581401715,-4.45044872625193,157.927230476284,172.987437916591,-4.77953466700211,-154.39526206812,177.573075769042,-6.80572871490248,154.899922837187
-183.743783174654,0.809974738013404,-155.298052858959,-179.898291680809,0.292893397415775,154.821737456212,182.34829081537,-2.08806233503392,-154.044669040245,178.166386274595,-4.48967573741349,157.809510576631,172.20053993782,-4.82497301101961,-154.281979001172,177.426910725243,-6.87921538066988,154.767850206923
-184.600991375181,0.974806973823468,-155.256419348332,-179.886574783815,0.302002542369634,154.822516615946,182.852826268607,-1.85485667987197,-153.941758528431,178.092826852582,-4.52992810982543,157.693988784646,171.394364297648,-4.85535983988286,-154.173122134402,177.281244163828,-6.94985706432835,154.642618123588
-185.48203163142,1.15686052135853,-155.205561356556,-179.87520502042,0.31133073985408,154.823066935104,183.387110954112,-1.63878585583751,-153.833694708458,178.019086045477,-4.57073398536896,157.583511708678,170.579956113118,-4.87195353316749,-154.082186262415,177.135240882024,-7.01698394008024,154.526691197663
-186.349444511389,1.34782921236535,-155.141030192098,-179.864195663097,0.321200414444824,154.82337519254,183.946969985991,-1.4425655131887,-153.727593586129,177.944146911825,-4.61141314146797,157.480947941623,169.770586394588,-4.87799792719597,-154.021838729629,176.9881596661,-7.07974583966612,154.422311754027
-187.169166205145,1.54150951021315,-155.056768090247,-179.853520924359,0.331996191542572,154.823434769091,184.52895490011,-1.26790965234597,-153.63001480765,177.866857115969,-4.65113014129324,157.389068956641,168.981845049701,-4.87633301670109,-153.99926315056,176.839453665496,-7.13714123036458,154.33136975043
-187.911554207604,1.73337219286515,-154.946506585027,-179.843088542127,0.344201819923572,154.823272695857,185.130669601113,-1.11556148510165,-153.546278796949,177.786053958318,-4.68896144907952,157.310293470875,168.231263932923,-4.86832246520814,-154.016164447635,176.688656946775,-7.18839413157778,154.255618416822
-188.550863767541,1.91800393237482,-154.805392862988,-179.832768747994,0.358378575621743,154.822927022616,185.750369583198,-0.985325823223031,-153.480157154107,177.700621016943,-4.72388945151683,157.246474884777,167.537772515959,-4.85437271492267,-154.071751447991,176.535193844743,-7.23315959246305,154.197344837061
-189.065183634646,2.08721168768764,-154.630471235449,-179.822431273056,0.375153119092649,154.822377573345,186.386679064348,-0.876276551425328,-153.433867812404,177.60948813173,-4.75487406667841,157.198711281106,166.920904670263,-4.83521218484511,-154.16506069126,176.378381381811,-7.27136594249021,154.15968682915
-189.437512822095,2.22983212048535,-154.420360801369,-179.811949611419,0.395186888712593,154.821536909006,187.038566282739,-0.786968319402162,-153.408351481638,177.511632827044,-4.78101888565552,157.167127423112,166.399792153942,-4.81214703598156,-154.295577988867,176.217610890258,-7.30286628871411,154.146087668831
-189.656447848637,2.33376585009149,-154.175080058065,-179.801260370785,0.418923932735579,154.820343274677,187.705413635868,-0.715656787025608,-153.403827029519,177.406117849283,-4.80167232675097,157.150742574702,165.992174262452,-4.78658875310199,-154.463204339198,176.052555321174,-7.32726911415121,154.159331924357
-189.716667610489,2.38820202224447,-153.895932406687,-179.790425849103,0.446385894491362,154.818816615079,188.387070694047,-0.660481356504527,-153.420188477683,177.292180457198,-4.81649736434539,157.147581996757,165.713438879006,-4.75968948408902,-154.667691977994,175.883303338555,-7.34419757227034,154.200638212383
-189.619329392911,2.3845339646088,-153.585183093364,-179.779575250669,0.477318955486095,154.816963683479,189.083647810655,-0.619481017488447,-153.456868164052,177.169325680967,-4.82544779609866,157.155054331693,165.57581538538,-4.73178151243363,-154.907780970815,175.710202511057,-7.35336656829447,154.269570413555
-189.371767436699,2.31669429281542,-153.245918065078,-179.768837804983,0.511366406282073,154.814691183109,189.795277647504,-0.590600298314776,-153.512605830081,177.037382779346,-4.82867250096119,157.17031446573,165.587954280239,-4.70211204555206,-155.180754141605,175.53347742663,-7.35419863154235,154.364923716184
-188.986886516827,2.18143312960018,-152.882201956984,-179.758389482742,0.547978933658115,154.811872935168,190.522096793212,-0.571792110706807,-153.58556961538,176.896502994557,-4.82653236267414,157.190429546556,165.754988546548,-4.66928527820067,-155.482798515534,175.353226768329,-7.34588942007283,154.484760105164
-188.482544077758,1.9783950021687,-152.499219043428,-179.748497774824,0.586280565784415,154.808455856825,191.264264405896,-0.561156032749881,-153.673658191504,176.747050416646,-4.81963006765852,157.212414515581,166.078864195161,-4.63179390096711,-155.809740837771,175.169791643601,-7.32804597298918,154.625368171225
-187.880516243659,1.71005857290528,-152.103329492629,-179.73944033974,0.62522361332616,154.804483498,192.021815034826,-0.557023893746797,-153.774923783653,176.589455070057,-4.80866778054376,157.233215255637,166.558707036103,-4.58818010359326,-156.15749415674,174.98383888212,-7.30100362098685,154.781042029778
-187.20466697129,1.38124525381436,-151.701940129874,-179.731414042968,0.663899035571506,154.80004403624,192.794313807617,-0.557902355896072,-153.888084863331,176.424136600311,-4.79425428006323,157.249864941491,167.191181386624,-4.53703462172649,-156.522218854859,174.796023542859,-7.26579816997015,154.944947429931
-186.478011112557,0.998260455997187,-151.303083808669,-179.724524097245,0.701632426258865,154.795195835781,193.580537194904,-0.562366418998122,-154.012692770678,176.251509626669,-4.77690946664789,157.259863336951,167.970845822204,-4.47705892060815,-156.900246523188,174.606726420081,-7.22412385991834,155.110224637166
-185.719318689722,0.568518279976127,-150.914720054732,-179.718777806156,0.737958900818514,154.789954033762,194.378413019167,-0.569046944330819,-154.148909850595,176.072050757126,-4.75719181496237,157.261504302672,168.890539147455,-4.40723570788535,-157.287789203854,174.416048625183,-7.17794621851905,155.270944310214
-184.941052258466,0.100400045928584,-150.543714917914,-179.714111937827,0.772608058607419,154.784318385832,195.185196397113,-0.576743564192798,-154.297199190764,175.886390639772,-4.73574815313673,157.253993666234,169.941728662897,-4.32659672964685,-157.680802092488,174.223765457449,-7.12895201170716,155.422641127899
-184.149530481666,-0.397941444048799,-150.194732496855,-179.710454748188,0.805473676425449,154.778280859405,195.997704609041,-0.584463438433362,-154.458000022273,175.69536965715,-4.7132511016953,157.237366716206,171.114784799416,-4.23371970366798,-158.075321212967,174.029239571724,-7.07830862370821,155.562253304974
-183.346191098548,-0.920961522156327,-149.869456177041,-179.707771746638,0.836497391826014,154.771857044475,196.812467594697,-0.591285221609118,-154.63142707594,175.500071677461,-4.69030237190697,157.212261342704,172.399178773707,-4.12685776841319,-158.467796078472,173.831494596196,-7.02665589778051,155.687432614714
-182.528532206209,-1.46795282368134,-149.566648926677,-179.706104002283,0.865491742805695,154.765123087664,197.625833656989,-0.596253898989606,-154.817057614227,175.301854424241,-4.66750355435298,157.179730229485,173.783606588277,-4.00424536062381,-158.855159350968,173.629363956684,-6.97442630495026,155.795787979432
-181.69107041092,-2.04335163624318,-149.283339390442,-179.705573792244,0.892115732784997,154.75819330887,198.434065013732,-0.598306491919516,-155.013947627711,175.102240794772,-4.64558933914576,157.141206735727,175.256153902117,-3.86439023298948,-159.235036882712,173.421547734633,-6.92213160642445,155.884840719612
-180.827594914764,-2.65467719719942,-149.01663278812,-179.706368312773,0.915994144985318,154.751155626161,199.233381038914,-0.596217055667408,-155.220796275772,174.902703164916,-4.62532393593484,157.098524068921,176.804552263569,-3.70655622163798,-159.606104212207,173.206567005683,-6.87011178695285,155.952358112033
-179.934490444591,-3.30967062248534,-148.765287161349,-179.708710856826,0.936790390840063,154.744027558695,200.019884570774,-0.588733434934088,-155.436059930158,174.704527332209,-4.60736270744245,157.05367165646,178.416413530284,-3.53083386013811,-159.968436173579,172.982730049263,-6.81829424855073,155.996697035271
-179.013209675243,-4.01417486832523,-148.530561482271,-179.712801912855,0.954207779012819,154.73676678817,200.789433844153,-0.574907020143831,-155.65809186467,174.508704651285,-4.59241183247229,157.008121082923,180.07936930867,-3.33791298246138,-160.323482598688,172.748447831331,-6.76640805657154,156.016734704165
-178.070505628846,-4.77121355617955,-148.316446104723,-179.718796892708,0.967881049825086,154.729310412687,201.537629931706,-0.554185032252645,-155.885414219667,174.315771157773,-4.58145682005291,156.962294603502,181.78126944638,-3.12894412018622,-160.673489389388,172.502710186844,-6.71444190480923,156.010949031404
-177.116541785011,-5.58094170199218,-148.129402798852,-179.726879493477,0.977115541183934,154.721733114986,202.26005166987,-0.525968173123084,-156.11716506204,174.125705986841,-4.57557775740551,156.915740044314,183.510535746909,-2.90549183301226,-161.020778622816,172.245040865145,-6.66285041208531,155.977024636544
-176.161342518247,-6.43988827071488,-147.978985231615,-179.737284451488,0.980965438908259,154.714402967082,202.952706491501,-0.489292629221081,-156.353485308008,173.937933661052,-4.575509373677,156.86769694745,185.256509928042,-2.66952481495228,-161.367216604705,171.975148164972,-6.61215009101268,155.912777766201
-175.212874876128,-7.33945704217138,-147.876975121584,-179.750218240526,0.978609849041242,154.707807723195,203.612225337346,-0.442971760401989,-156.595259422258,173.751463125155,-4.58143986234759,156.817374297035,187.009627583211,-2.42345497315248,-161.713671793181,171.692877549445,-6.56279411500519,155.816756081499
-174.279956847806,-8.26640036782774,-147.83064614585,-179.765924090342,0.969255972355787,154.702345134061,204.235714683346,-0.385732364156861,-156.843155361884,173.565106561499,-4.59304597580243,156.763871509697,188.761436738834,-2.17025742497666,-162.059408011862,171.39823534656,-6.51574038913293,155.688352372415
-173.371358012069,-9.20279104574388,-147.845936207854,-179.784681353654,0.952160387553365,154.698314283212,204.820564863188,-0.31658476044376,-157.096838848007,173.377516215689,-4.60952215492556,156.706269626156,190.504503937126,-1.91288716328329,-162.401905229274,171.09121522412,-6.47263161308715,155.528400942969
-172.494736423435,-10.1272275994808,-147.926638906011,-179.806566403637,0.927164704583214,154.695874838799,205.364570076755,-0.235639034340403,-157.354704938536,173.187038261386,-4.62953087407218,156.644109919565,192.232099132282,-1.65373013485569,-162.736702729225,170.77173375246,-6.43516840732931,155.339528264474
-171.655594126547,-11.0163633099146,-148.073923205194,-179.831334441163,0.894929759283223,154.694956060537,205.866530660476,-0.144641153328828,-157.613579158203,172.99160701504,-4.65115547426583,156.577889056765,193.937579430873,-1.39529592043263,-163.057112472001,170.439689249512,-6.40436027652108,155.126100391393
-170.857839574543,-11.8474549881695,-148.28625840362,-179.8584499001,0.856851420029928,154.695270002839,206.326568666323,-0.0468567664607342,-157.86852714543,172.788831051319,-4.67195318490041,156.50911561167,195.613726686432,-1.14057300911093,-163.354563375668,170.094892753796,-6.38056373210798,154.894233746832
-170.105296585712,-12.6012955927927,-148.559733900622,-179.887172243903,0.814854674732946,154.696465168717,206.745844297801,0.0534125912482565,-158.113307337659,172.576329148778,-4.68927720588677,156.43993919304,197.252427122751,-0.892805504522261,-163.619443791732,169.736922239316,-6.36363599699226,154.651699135055
-169.402777789444,-13.2647810945072,-148.888496817622,-179.916678089969,0.771050709775798,154.698240284795,207.126062538959,0.151688872051914,-158.341646380533,172.352186157189,-4.70083197047653,156.372772757063,198.844664764494,-0.655721741361764,-163.842455269034,169.365324872346,-6.35290025710138,154.406632380668
-168.756790576243,-13.8323240602515,-149.265154727705,-179.946154369316,0.72746423101111,154.700382690834,207.469037491296,0.244473998352741,-158.548781723137,172.115227536573,-4.70502539830233,156.310226193962,200.380558017876,-0.433317768536066,-164.016652410919,168.979974144407,-6.3478489760324,154.165326503947
-168.175946707619,-14.3049836315244,-149.681148559884,-179.974827324573,0.68591318046118,154.702801135838,207.776589362413,0.329983418822583,-158.73194453468,171.865023820729,-4.70076747187989,156.255195311416,201.849352180018,-0.228925675245798,-164.139124215437,168.581036632026,-6.34848370804974,153.931399231866
-167.669834947254,-14.6874872286203,-150.127041663863,-180.00194598876,0.647960880249842,154.70553350515,208.050647301294,0.40808264944532,-158.889585467842,171.601803940777,-4.6869965862032,156.210880187417,203.23937860755,-0.0448952859113311,-164.211228877652,168.168720635411,-6.35464298041693,153.706787597707
-167.247117728584,-14.984839202314,-150.592986464313,-180.026809998713,0.614892768173543,154.708738990484,208.293100282237,0.479999029021287,-159.020233054352,171.326331095394,-4.66254171017667,156.180793266345,204.538168940066,0.117131038503681,-164.237337537566,167.7429137851,-6.36535373694731,153.493500923663
-166.914737793081,-15.2003060692225,-151.069561163067,-180.048874721279,0.587818553487051,154.712694109504,208.505243718704,0.548083347284607,-159.12172213318,171.039732938904,-4.62629818051852,156.168679527925,205.732923257093,0.256223276878769,-164.222787954634,167.303101042707,-6.37881247774569,153.29464017498
-166.677950752242,-15.3353137045626,-151.548604447647,-180.067977498969,0.567849863509065,154.71779594116,208.687139682552,0.614914932478034,-159.191514173287,170.743246539118,-4.57733542713354,156.178228238291,206.811203190652,0.371939254440688,-164.171980800315,166.848760746135,-6.39274839111321,153.113800122101
-166.540309602007,-15.3904007685087,-152.023653296137,-180.084647629692,0.556014785701353,154.724421542899,208.837281173928,0.682073643148907,-159.227779021387,170.437930273966,-4.51482518715713,156.212609365357,207.761708150192,0.463501844950733,-164.087515186075,166.379581897752,-6.40482747510538,152.953981101237
-166.5103116591,-15.3681084994369,-152.487902309478,-180.100635945956,0.552998564031638,154.732725100618,208.952723174725,0.749441475111458,-159.229665328954,170.124509315213,-4.43799724216771,156.273965510245,208.575055586599,0.529241428940691,-163.9706493718,165.8953494228,-6.41288318333812,152.817204361803
-166.605504412197,-15.2690099000572,-152.927720482974,-180.120594990393,0.559169296108839,154.742752308518,209.029555700855,0.815084024176157,-159.196602982525,169.803295981546,-4.3462429297026,156.363221052433,209.244342469986,0.566996045443462,-163.821946825994,165.395871416281,-6.4149558006009,152.704704858839
-166.841525825481,-15.0808218961884,-153.319713713554,-180.153185951789,0.574609465153203,154.754719557876,209.063379472176,0.876249458541576,-159.127942924585,169.474174664232,-4.23918255450413,156.480385697787,209.76525899342,0.57506046319784,-163.641203109723,164.880997893112,-6.40949811495113,152.617292339877
-167.224471078613,-14.7770532028448,-153.639522905454,-180.208035720996,0.598320753504189,154.768895630562,209.049595832495,0.931093552473043,-159.023141484843,169.136766453213,-4.11669972721802,156.624908605382,210.135736789278,0.552938719368191,-163.427111331287,164.350801828308,-6.39541091739471,152.555632921304
-167.753969510115,-14.3276909511872,-153.872033125372,-180.291806614569,0.627362100549858,154.785248365373,208.983582966157,0.979781798211606,-158.882689570037,168.790711260742,-3.97898422876716,156.795493218031,210.355554332054,0.501600888720015,-163.177182900857,163.805743608782,-6.37168592294669,152.520394501936
-168.427381845878,-13.720779708111,-154.019316485612,-180.409037596464,0.657349363943567,154.803513002042,208.861204796392,1.02468477155558,-158.709659290215,168.43595232788,-3.82664540505557,156.989243830193,210.426404565613,0.423867207985707,-162.888834992579,163.246391227437,-6.33732389495076,152.511949752376
-169.235608501692,-12.9695985272199,-154.101426723931,-180.565858652774,0.683312979286554,154.823501990877,208.680840395283,1.07004155171433,-158.509109491026,168.073009880079,-3.66094046674951,157.200830728095,210.352461987189,0.325406312180015,-162.561210557513,162.67297760622,-6.2915555107601,152.529430489286
-170.147102472939,-12.0837490726079,-154.140735617829,-180.77218831775,0.700133154325962,154.845265822615,208.447256724775,1.12209182906941,-158.283268373458,167.703344470993,-3.48368482820606,157.422810383537,210.141319231775,0.215462646508023,-162.194768865375,162.085119583861,-6.23373402173154,152.569311346868
-171.110752877071,-11.066039202931,-154.154375412341,-181.0417399955,0.702876118260625,154.869142918584,208.174048853161,1.18972456162529,-158.026183854148,167.329788554566,-3.29703787259135,157.646981751465,209.806054186266,0.105461956155166,-161.79206771418,161.482342428873,-6.16321827976198,152.624352085136
-172.081670844252,-9.94607501705448,-154.157624495266,-181.390931776477,0.686618524450652,154.895722664567,207.880430584209,1.28336243111048,-157.724464730421,166.956752881768,-3.1040163784034,157.865669448401,209.364018520973,0.00106242464276098,-161.357429588508,160.864726319746,-6.0797135820442,152.684516432886
-173.040431108589,-8.77643309846014,-154.152012487793,-181.840102480597,0.646847850146631,154.925755191058,207.583337266318,1.41016045062574,-157.366085970646,166.590364014787,-2.90932092084258,158.072287001936,208.828897925895,-0.106025041129935,-160.890424404979,160.232037179968,-5.98359656076418,152.739696811981
-173.952626018814,-7.59653389384236,-154.151065585811,-182.405713580478,0.578351358999337,154.960281515137,207.291056657701,1.56980038196187,-156.949706796493,166.238762102219,-2.71911259994621,158.261309330208,208.206042847718,-0.227924430052604,-160.387549481966,159.582586483961,-5.87534026593269,152.782796148889
-174.803314507236,-6.44230856128041,-154.155323484254,-183.105692309806,0.476451783936427,155.000539027039,207.00242066946,1.75750929688039,-156.4865499447,165.911945105249,-2.53976860711403,158.428748313946,207.497368207189,-0.36598384626488,-159.85133069781,158.912972423819,-5.75492887576266,152.81161800043
-175.582371376219,-5.34005683024482,-154.163981507501,-183.957547885933,0.337075650257341,155.048145419232,206.710329195526,1.97037394464452,-155.99713571738,165.621174498541,-2.37646243974748,158.572937706071,206.708439848023,-0.514304415592137,-159.289940509487,158.218399660802,-5.62235280598176,152.82844774042
-176.28344357823,-4.30742710011802,-154.175658032997,-184.979083391303,0.157415361995345,155.105365645244,206.406291453039,2.20867851560631,-155.50588533117,165.378476906727,-2.23187812522545,158.694211697133,205.850490754386,-0.665290862283961,-158.711761304865,157.493456917982,-5.47809342390362,152.838251567093
-176.9036915143,-3.35631911227322,-154.188818649108,-186.18857923593,-0.0635088920089894,155.175326858871,206.082466638193,2.47276597546401,-155.035096627426,165.196059071473,-2.10583062601878,158.793860452428,204.937878981745,-0.808571731383178,-158.125117460654,156.732657772341,-5.32295030980992,152.847248230422
-177.443032498324,-2.49394867480134,-154.202072020539,-187.603968546669,-0.324317665418957,155.262202970975,205.731318035249,2.7604833963478,-154.601696786271,165.08571544089,-1.99613552390394,158.873555763107,203.985985794779,-0.933136455886905,-157.541187616162,155.930763479579,-5.15745117841269,152.862276146142
-177.903563967854,-1.72468850749925,-154.214285698946,-189.241182492299,-0.620054086149128,155.371440152079,205.345793808982,3.06731574131971,-154.21678232504,165.058267321037,-1.89961270055314,158.935790329253,203.010532747374,-1.03104567616207,-156.974340389912,155.083271979744,-4.98157220844365,152.889985988336
-178.289212115944,-1.05005310859832,-154.224562578325,-191.112423419938,-0.940796419504241,155.508912693327,204.920502811812,3.38794571134598,-153.88665494299,165.122929111583,-1.81210781843608,158.984876572186,202.025899995913,-1.09813894761911,-156.439211260624,154.186766299461,-4.79491987730413,152.935637564493
-178.60530866372,-0.468875015401187,-154.232254107571,-193.22552002407,-1.27222716351215,155.678989374059,204.452292056117,3.71696261059638,-153.615033082746,165.286940836581,-1.72855502464955,159.026886914664,201.043916165088,-1.13322860507589,-155.946675453171,153.239207372959,-4.59651262096204,153.002306083248
-178.858100511421,0.0218156952286624,-154.236983412942,-195.583775915991,-1.59752090299303,155.882956270357,203.939945739103,4.04843986273401,-153.404343123515,165.555377005348,-1.64418626109092,159.068128321227,200.074175393591,-1.13773648892229,-155.500480256654,152.240128827376,-4.38446256396807,153.090829115988
-179.054317546368,0.426214639188241,-154.238668212507,-198.185245755455,-1.89865892303585,156.118533716326,203.384111770854,4.37580418502114,-153.254821940611,165.930754769007,-1.55586076658787,159.113051471566,199.124233923685,-1.11463510980257,-155.097086264057,151.190605113014,-4.15719759233114,153.19976304057
-179.376766805363,0.608546297043338,-154.403746797409,-201.024202412258,-2.1591116760547,156.381237037538,202.787147570771,4.6921601313136,-153.163669650023,166.412564910126,-1.46295273619956,159.162296780291,198.19956225054,-1.06616162713998,-154.730206126262,150.093586803658,-3.91589639459216,153.324768745402
-179.568511381715,0.785290330745043,-154.482739920307,-204.087882260154,-2.35460562760738,156.660301367006,202.152330522683,4.99096164138992,-153.126001243105,166.996891966707,-1.36766813314293,159.212153128401,197.303851719142,-0.992992242013662,-154.397005943801,148.954064158218,-3.66509888775036,153.457964338034
-179.658948014224,0.94693780915906,-154.498138407292,-207.357381130038,-2.4636693305281,156.941998120309,201.483278194201,5.26707286041976,-153.13665010174,167.676390543645,-1.27419444422331,159.256073804692,196.439635682787,-0.895752945655648,-154.099932930687,147.778084236104,-3.41047693448963,153.588529152713
-179.708274697545,1.05795626202535,-154.501528227289,-210.803252255945,-2.47132784244001,157.206666816885,200.783893754389,5.51726358772661,-153.191302201933,168.441292159913,-1.18691590545297,159.28727877787,195.608619579078,-0.775657942502102,-153.843143676076,146.571527405225,-3.15642702855939,153.705461863259
-179.728949609841,1.12129942644189,-154.499686260573,-214.368682639376,-2.39262205037475,157.438262992646,200.058507111323,5.73980183096437,-153.28636202921,169.280880283054,-1.10902171654481,159.300904619603,194.811598927741,-0.63402964641926,-153.628716472137,145.339812621436,-2.90551278432193,153.801502257814
-179.728646438441,1.14308782189349,-154.495250580527,-217.955337928145,-2.264168616053,157.63337756877,199.312001446556,5.93380785457424,-153.418050916744,170.184278675558,-1.04240486800274,159.294104294895,194.048355993458,-0.472854819701286,-153.456162757472,144.088770283442,-2.65857145980579,153.875006288636
-179.713302594131,1.13018240519671,-154.489602573533,-221.442140168202,-2.10074882654127,157.786578513263,198.549381270736,6.09891254096532,-153.581856258877,171.140702925527,-0.988453617498061,159.264783686776,193.31786485222,-0.295265644598683,-153.323901070458,142.826027101736,-2.41281804706186,153.927270076117
-179.687771707542,1.08950271814401,-154.483558578271,-224.714966883814,-1.90392526695481,157.88723445773,197.775036828781,6.2352235486218,-153.77266825123,172.139619924037,-0.948633869809195,159.211861484656,192.618641723776,-0.104943974069567,-153.230172214869,141.562200766997,-2.16176699990983,153.958480439075
-179.65604466326,1.02761825124854,-154.477616034362,-227.687380607517,-1.69532170690731,157.933563209233,196.992669053808,6.3431390773928,-153.984936555504,173.171390978908,-0.924094662267803,159.136707047967,191.948950007713,0.0942808992398921,-153.172485323006,140.311594446066,-1.90193533836518,153.967767367403
-179.621375942197,0.950470263340826,-154.4720995748,-230.302731290259,-1.51617231536339,157.938007272238,196.205692348045,6.42312533678011,-154.212509691878,174.22855777436,-0.91533004228662,159.043287615931,191.306980491049,0.298548474929727,-153.146620479211,139.091829286851,-1.63695636319975,153.956115081924
-179.586421506082,0.863325851714448,-154.467216307214,-232.522089297438,-1.40876134626437,157.91997185556,195.417400675646,6.47584079998826,-154.44871824798,175.306560702363,-0.922651879344525,158.936873258835,190.690930350931,0.504232740785646,-153.146923085734,137.923094008028,-1.37374196711692,153.926633732231
-179.55330917372,0.770659160743755,-154.463059024821,-234.318122305312,-1.40361257462306,157.893986446603,194.630842063114,6.50238276374218,-154.687113388659,176.403066991024,-0.946484051970289,158.822085897357,190.099092617748,0.708068625499195,-153.167643913704,136.827610809261,-1.11857555707789,153.883536104794
-179.52366855117,0.67577632659834,-154.459616912296,-235.675195243786,-1.51621542076523,157.864454368708,193.848669291145,6.50425391752368,-154.922253613727,177.516685111948,-0.987166666633449,158.701449383612,189.530086005905,0.907349961352186,-153.203855033172,135.828485092486,-0.875205576861466,153.833184956582
-179.498733767501,0.580950727085571,-154.456792461782,-236.589312374378,-1.74857267292071,157.827557166263,193.073061458193,6.4830805621959,-155.149768816826,178.646450238345,-1.04471387211709,158.575534698495,188.982851507553,1.10031690933986,-153.251622608152,134.948005389785,-0.643139833847873,153.784248299634
-179.479415481599,0.487781328863413,-154.454441374804,-237.067316719094,-2.09266149936369,157.776821359382,192.305785838954,6.44045086265269,-155.36582081641,179.792195307599,-1.11871037663663,158.443800299492,188.456451704191,1.2860798398598,-153.307967985309,134.206092877805,-0.417697465223056,153.745814994943
-179.466297365075,0.397321720487737,-154.452414192749,-237.12613926356,-2.53263247400539,157.706616294238,191.548466050656,6.37797499519695,-155.566780962822,180.954632563821,-1.20826005128025,158.304919164351,187.949935891955,1.46421210936692,-153.370798093206,133.61950241443,-0.192764108272597,153.725643936525
-179.45965602325,0.310323888369562,-154.450567717097,-236.790872825236,-3.04590137347909,157.612594458502,190.802686654425,6.29742404813437,-155.749490001466,182.134732223727,-1.31191400758329,158.156969271674,187.46216098384,1.6345989576392,-153.438784619345,133.202159507799,0.0358096548166945,153.728884546656
-179.459514778469,0.2274264221218,-154.448768064446,-236.091891737875,-3.60447126365492,157.490543073195,190.069757173865,6.20083887019927,-155.911687197405,183.333075661805,-1.42774908551078,157.997874172374,186.99169223124,1.79730156655398,-153.511449067475,132.965886911,0.267927126470363,153.757231101197
-179.465679845688,0.149101025738069,-154.446898833331,-235.062046052943,-4.17724887831612,157.335884477923,189.35057126332,6.09059403991728,-156.052278529388,184.549890091157,-1.55354096803243,157.825768456163,186.536948265915,1.95246871578735,-153.589065027215,132.920667993228,0.497984208354271,153.808412918511
-179.477779550012,0.0756368271428886,-154.444866559098,-233.734473061293,-4.73277481069674,157.144976271043,188.645713432903,5.96937680486076,-156.171368130186,185.785250720357,-1.68689409970839,157.639221213288,186.096311516634,2.1003657286778,-153.672070463763,133.074504578918,0.715307716468753,153.875858896489
-179.495331833596,0.00722547240753094,-154.442603296893,-232.141419507935,-5.24156960983028,156.917362694897,187.955611742457,5.83996855338379,-156.270033623546,187.03858220528,-1.82522611683436,157.437440270132,185.668132585054,2.24131828923234,-153.760523029486,133.433080916158,0.906432092864764,153.949238276044
-179.517798827015,-0.0559737594077599,-154.440034000967,-230.314589480243,-5.67789411992217,156.657670184733,187.280647018648,5.70503818089137,-156.349939430962,188.308103261297,-1.96566345093957,157.220187800385,185.250692402915,2.37570217334808,-153.853919218745,133.999526138698,1.05794052900451,154.016038268047
-179.544604853095,-0.11388981501134,-154.437057228103,-228.286112302478,-6.02047008796414,156.374812230767,186.621283224999,5.56705044872813,-156.41307158875,189.590952011987,-2.10535420663298,156.987561619447,184.842114904141,2.50398528793295,-153.951337644675,134.774518663765,1.1592939940232,154.063580749936
-179.575087381395,-0.166650545903265,-154.43356757916,-226.088648982618,-6.25324733510519,156.080437203751,185.978066434807,5.42815890403927,-156.461657824134,190.883532395504,-2.24199129360635,156.740317251138,184.44038623193,2.62674159498467,-154.051754878723,135.756454099328,1.20518729219698,154.081277778255
-179.608790161209,-0.214543781310901,-154.429498072617,-223.754786177865,-6.36608639845752,155.787496223702,185.351464795949,5.29024370196029,-156.498001236305,192.181563735054,-2.37401200950566,156.480512474967,184.043499469616,2.74461346214769,-154.154189250373,136.941403247626,1.19673520017159,154.062459802305
-179.645082563772,-0.25784065266031,-154.424848634168,-221.31573258263,-6.35554619725198,155.509735592312,184.741828807361,5.15501178293846,-156.524216543883,193.479838092656,-2.50064244093174,156.211752605777,183.649564941716,2.85821577478744,-154.257603109893,138.323046738919,1.1408130480482,154.005120262504
-179.683278759701,-0.296878448344503,-154.419653703574,-218.799577418727,-6.22498032427979,155.259187880835,184.149455777681,5.02405687886409,-156.541988326244,194.771998064666,-2.62194191784438,155.938785643761,183.256798800746,2.96804298860037,-154.360882180268,139.892902391878,1.04772860805656,153.911593583077
-179.722591847374,-0.331879861524213,-154.413913126898,-216.230056737217,-5.98403653381445,155.04584055702,183.574648895525,4.89893107134874,-156.552454209738,196.050672799827,-2.73863080028336,155.666824027668,182.863540191065,3.07449008446808,-154.462915136184,141.640801303908,0.928820056773891,153.787284968014
-179.762327915132,-0.362843500244667,-154.407685268079,-213.626402897847,-5.64633501347451,154.876983585738,183.017642266141,4.78112378172978,-156.55641331487,197.307905107859,-2.85158070136105,155.401293101275,182.468232977795,3.17785800764247,-154.562621638337,143.555417260992,0.794831869843511,153.639029560546
-179.801998127579,-0.389929945355905,-154.401116355159,-211.005019345723,-5.22699020534814,154.757267157932,182.478402305094,4.67203139350686,-156.554915791835,198.535382818228,-2.96140723081654,155.147722653906,182.069184658756,3.27833851049866,-154.659127398603,145.624842176239,0.654773085651069,153.473680447808
-179.841225031717,-0.41362032703509,-154.394353789243,-208.381758877188,-4.74086574149819,154.689159466679,181.956504717347,4.57292247172734,-156.549732983944,199.724525380374,-3.06853525337325,154.911210079947,181.66431359981,3.37599394608265,-154.75180932803,147.836993335505,0.515278879065033,153.297619584692
-179.879652439874,-0.434291676316713,-154.387587326347,-205.771835117339,-4.20059197850594,154.673270328191,181.451138063211,4.48488571824162,-156.542963618027,200.86703113796,-3.17354569511208,154.696256382812,181.251187614915,3.47064486283261,-154.839669418962,150.17965957226,0.380862125710689,153.11726533202
-179.916846992776,-0.4519473235384,-154.381065704163,-203.187070750482,-3.61495848579461,154.708948105212,180.96128360872,4.4089275710174,-156.535986071212,201.955560909675,-3.27767519241942,154.507519059006,180.827477562107,3.56208215019248,-154.920733648661,152.640270059377,0.254664954304042,152.939669250182
-179.952307236921,-0.466318605107626,-154.375014121203,-200.634285780096,-2.98954653404325,154.795615859147,180.485971157991,4.34605542471094,-156.529065430143,202.983893551529,-3.38342305066875,154.350287206724,180.391355040158,3.65049504846164,-154.992061056759,155.205480044845,0.138759882227397,152.77243138934
-179.985699251585,-0.477103512615507,-154.369643615356,-198.118084244651,-2.32952993138266,154.934373354283,180.024219156441,4.29700127997693,-156.522458254426,203.946838536795,-3.49458980348356,154.229673456105,179.941303861554,3.73630723539767,-155.050469773753,157.86099370744,0.0340427477420554,152.62260687796
-180.016971565238,-0.484284156883543,-154.365190904827,-195.645171484398,-1.64190200415369,155.127781003336,179.57465324033,4.26181766202432,-156.518054209569,204.840257782023,-3.61532213166006,154.148851492142,179.476069783651,3.81951434059512,-155.094072353587,160.591812639577,-0.0597335631265976,152.495813750043
-180.046295049642,-0.488369862506284,-154.361865981296,-193.224209909996,-0.933378984702166,155.377526613643,179.135292442566,4.23980001264969,-156.520332286749,205.661039362145,-3.74878307084051,154.107411079013,178.99483917271,3.89961296624043,-155.122753677094,163.382449166631,-0.143566645264185,152.396541729931
-180.074016174948,-0.490323249812139,-154.359778839531,-190.860925879375,-0.20711939709054,155.683250045965,178.703751435972,4.22958806009401,-156.536231797619,206.407507435426,-3.89635921928155,154.101032703563,178.496806615628,3.97614922665541,-155.137129711385,166.216650946766,-0.21856242277799,152.32889700244
-180.100594394306,-0.491448842349717,-154.35892103139,-188.556665055806,0.535075793826182,156.043618396841,178.277537070732,4.2290873246042,-156.573690885347,207.079737300614,-4.05808234174203,154.122839315969,177.980862622956,4.04903931525432,-155.138816657112,169.076882221411,-0.286225916056614,152.297545955475
-180.126499407327,-0.493065542948902,-154.359180028113,-186.313543771934,1.28756866934907,156.456201491961,177.854167450421,4.23540043913181,-156.640038532304,207.679419933499,-4.23371512470369,154.165329602844,177.445725937408,4.1184945060724,-155.131852865819,171.944255722666,-0.349886262273109,152.308577231319
-180.152119079913,-0.495937516172883,-154.360362557989,-184.138621896945,2.04023493054708,156.914772090948,177.431243689937,4.24529306068068,-156.741395620876,208.210788714186,-4.42311543106653,154.2213035651,176.889931469876,4.1847226560368,-155.122611515594,174.798936345353,-0.415947988531354,152.369232678203
-180.177761137176,-0.500247156604835,-154.362258001893,-182.044289259197,2.78317208624158,157.407365644592,177.006530881472,4.25577526401777,-156.882320038082,208.681517119904,-4.62578128284757,154.284099010818,176.312085656951,4.24764943607383,-155.118006853112,177.620284456059,-0.494135854755731,152.486637585907
-180.203708658356,-0.50575111243812,-154.364669206931,-180.047833997275,3.51055802793559,157.917429049994,176.577954305602,4.26419186302348,-157.065041984498,209.101284624453,-4.8407633674419,154.34850475864,175.711411731726,4.30689431539731,-155.123491806742,180.386857713761,-0.595687258947193,152.666574044062
-180.230252976409,-0.511877732020909,-154.367434912936,-178.167621038204,4.22167352038269,158.426804264,176.143557067742,4.26823394688125,-157.28855014877,209.479118264291,-5.06742723178014,154.411777409576,175.087968409266,4.36205433875919,-155.141992153733,183.076831123908,-0.731167094502213,152.912231959805
-180.257675314246,-0.517940463278325,-154.370473416567,-176.415978944825,4.91951709024675,158.918113322103,175.701587894597,4.26604709889303,-157.548447113994,209.821535533197,-5.30592364830501,154.473737069938,174.442546038751,4.41301973170578,-155.173839282486,185.667947522508,-0.91056651712356,153.222729677731
-180.286242427669,-0.523151194342916,-154.373786623048,-174.798619891149,5.60544256084958,159.374353126773,175.250643870884,4.25619235977293,-157.838045262848,210.131716921956,-5.55667767468484,154.536197681007,173.776522511356,4.46005212732282,-155.21704565263,188.136929578761,-1.14316455739523,153.592006512391
-180.316219807542,-0.526468760386169,-154.377423967188,-173.320686071222,6.27593702650911,159.776943862941,174.789641503259,4.23755463216126,-158.149740088411,210.409720381936,-5.81956847533255,154.601400106163,173.091678001118,4.50375528661505,-155.267810163739,190.459910777856,-1.43596225085813,154.009286783342
-180.347760372903,-0.526524119474897,-154.381390293666,-171.988808123519,6.92578519058197,160.107605463929,174.317765285478,4.2094314489912,-158.475797858114,210.653229115213,-6.09371815812623,154.669964965326,172.389963235616,4.5450643682336,-155.321663828605,192.613372756485,-1.79262323697399,154.461673547383
-180.380746749067,-0.521749370966631,-154.385618295532,-170.809232507502,7.54939391829489,160.355010031661,173.834614124061,4.17172545072547,-158.809031220454,210.857760320278,-6.37862700642054,154.740802405827,171.673390049973,4.58531700107372,-155.374741494462,194.574561532832,-2.21115424948816,154.936566649918
-180.414786449847,-0.510408656982578,-154.389908683775,-169.786901992199,8.13523942665948,160.51940983057,173.340414667523,4.12498849220203,-159.143673847802,211.016327557706,-6.67455880966675,154.813184293332,170.943794005429,4.62626386030962,-155.424333751771,196.322039480157,-2.68131692561825,155.421332076039
-180.449532175924,-0.490182961345224,-154.393706552376,-168.926165393744,8.66053288114075,160.611187384173,172.836205888647,4.07029175351135,-159.475825614757,211.120104514792,-6.97912499772322,154.887884003928,170.2023106333,4.66965907366383,-155.469107532932,197.836520664756,-3.18480463107167,155.900524200456
-180.486668127011,-0.457874038400298,-154.39634265107,-168.240541875551,9.0916670157066,160.642697040426,172.323772310501,4.00890623457297,-159.803549510727,211.160713854936,-7.28309208479858,154.96413541716,169.449016294832,4.71687752767059,-155.509217089533,199.102146629344,-3.69586287179222,156.353860379408
-180.535416243859,-0.410349007496632,-154.398269275603,-167.759471994231,9.39186308616302,160.61364599377,171.805324607468,3.94194005843366,-160.126689738095,211.13236465698,-7.57092536229366,155.034139563687,168.682947341915,4.76891098636431,-155.546127535889,200.107900252379,-4.18286048385135,156.757056235742
-180.614882678805,-0.345910278836974,-154.401599614916,-167.513659148684,9.52557662155565,160.510355100353,171.283429810591,3.87029397421995,-160.446341703068,211.03223410844,-7.8258659175277,155.081523423107,167.902198379898,4.82630161715107,-155.58242966678,200.848302524501,-4.61467720430752,157.084285232355
-180.747092980486,-0.262441632996077,-154.408359408869,-167.521396153856,9.46051352631898,160.325401626437,170.761270641082,3.79468597936688,-160.764921333296,210.858998240231,-8.03619648880244,155.085999951959,167.103680400596,4.88903871095454,-155.621674090406,201.324871715925,-4.97035551317544,157.310950231751
-180.952738046465,-0.154905748394404,-154.419438308908,-167.786541733732,9.17833033622263,160.07080999567,170.242819915803,3.7152694521217,-161.086455831033,210.613711780824,-8.19998518821067,155.029560550894,166.282984575825,4.95631900093233,-155.668284324951,201.546570041898,-5.24693223524184,157.415894255535
-181.256553434138,-0.0175750319297274,-154.436272562728,-168.285556458647,8.67835332418437,159.768361342079,169.732512970375,3.63102584365712,-161.415587997371,210.305102169465,-8.32547007086744,154.901504450881,165.434791731061,5.02620524302382,-155.727331092573,201.525924590677,-5.46089361188472,157.389326172647
-181.694320690834,0.153713769462958,-154.461869067337,-168.990689649369,7.98971235478071,159.400400930696,169.234988509502,3.54012675420128,-161.755848266607,209.950584953522,-8.42597328638094,154.701547731803,164.553178214062,5.09575332242953,-155.803583041849,201.280722203071,-5.63202095020678,157.244350521003
-182.299490659302,0.363454141440727,-154.499883540308,-169.812405015226,7.14355109526496,159.02770919461,168.756134188706,3.44149289185725,-162.108748788802,209.568032265889,-8.51096293857897,154.435210106126,163.631904501904,5.1611658548377,-155.899677167806,200.837849440635,-5.75726561231132,157.007333824973
-183.111145360225,0.614927380392354,-154.55455662644,-170.698823970615,6.20028984288766,158.670153435671,168.304968548859,3.33586090939052,-162.474088896699,209.169699744507,-8.5819811038567,154.103373611804,162.664986745082,5.21774071598215,-156.014059769923,200.225617438126,-5.81696865850855,156.692093299937
-184.170565782567,0.909167113878844,-154.631823182559,-171.608457620922,5.21268805082402,158.341178772341,167.894381847695,3.22532310584953,-162.850394034636,208.763234958773,-8.63790079184759,153.701427907445,161.646807409035,5.26099102022739,-156.139826955218,199.469503168073,-5.80482266317324,156.29327729213
-185.518590488573,1.24474587385289,-154.74105790707,-172.508488073003,4.22129648137356,158.04845149914,167.540292518577,3.11178104182777,-163.234179376989,208.349551529849,-8.68033147056665,153.232072081539,160.571840299799,5.28908599086388,-156.266197970099,198.596003533598,-5.7297861799801,155.797753094187
-187.193519484508,1.61538677740714,-154.895504612261,-173.373563117756,3.2600210164955,157.795748280692,167.260251938383,2.99507619580231,-163.619305917771,207.920723792267,-8.71474512929286,152.714336211379,159.435120545314,5.30386913273598,-156.383357302984,197.631582884369,-5.60177454235758,155.19596853438
-189.228507154075,2.00615890853601,-155.108671363509,-174.185227812987,2.35444364376758,157.5833837034,167.071314354626,2.87190026497547,-163.998346145021,207.465741366708,-8.7486055375871,152.176382074455,158.233653534209,5.30942767913198,-156.48744577448,196.59967070242,-5.43290787922759,154.492111057264
-191.646069055182,2.39353524609825,-155.389712190404,-174.931046972443,1.5203528246852,157.408949438393,166.986926802123,2.73692974232269,-164.365407192667,206.976983451419,-8.78772939374764,151.641672673114,156.967881097052,5.31006701636889,-156.5821332028,195.520260881228,-5.24336554874066,153.70856569151
-194.452880824613,2.74823202580956,-155.740563531822,-175.603576924588,0.766419710768676,157.268580639147,167.014139399822,2.58507074355931,-164.718314702603,206.451188698167,-8.83463519468473,151.123785556794,155.642586922284,5.30922377351781,-156.677129302305,194.410552270648,-5.05830187932508,152.880479814251
-197.636206087942,3.0390664596754,-156.15402341923,-176.199470865919,0.096813723866353,157.157857939288,167.152522635362,2.41314680576333,-165.058037360121,205.887478984313,-8.89017481267568,150.631065628111,154.267054882538,5.30809978634523,-156.785240320218,193.286040133659,-4.89865859442747,152.045178935491
-201.163362426568,3.239701567389,-156.614987552257,-176.718650935237,-0.487866135551604,157.072232806658,167.395801574564,2.22086827301464,-165.385506173363,205.286225720003,-8.95528200890491,150.172134659835,152.853853590269,5.30299439624088,-156.918655112884,192.161414765569,-4.77526703728313,151.232434897422
-204.986842776016,3.3320229186524,-157.103143104208,-177.163513737205,-0.989301714453891,157.007434113351,167.734775091802,2.01084777267393,-165.698645692317,204.649014769544,-9.03071308118705,149.757490904602,151.416172457726,5.28643770643238,-157.085607756199,191.050639311575,-4.69198025063788,150.460299411427
-209.041924226293,3.30983102687447,-157.584920850857,-177.538234482478,-1.41086555150489,156.959648973449,168.159119740753,1.78838697214735,-165.991279953341,203.978268827557,-9.11612491526602,149.398205409158,149.966141316199,5.25199770918854,-157.288133791886,189.966487002031,-4.64975366094903,149.738263842104
-213.211469271664,3.18996020220709,-158.019611158038,-177.848167659191,-1.75736727873971,156.925551358652,168.6588645236,1.56099003736177,-166.253899445495,203.276339203183,-9.20979183601635,149.103550289135,148.51548944735,5.19578861998172,-157.521225941876,188.919636379243,-4.64692764099005,149.072852764672
-217.325600852345,3.01122467256117,-158.429288655221,-178.547608520345,-1.81167012998213,157.55109322563,169.226072424565,1.33697018186806,-166.475780312937,202.545179839001,-9.30879253833593,148.878762628979,147.077414943432,5.11548303418215,-157.774792671392,187.918078007515,-4.67996005367633,148.470035032615
-221.216766430048,2.78239207102995,-158.722147478796,-178.933385306754,-1.93266946135346,157.793308410005,169.855109194583,1.12388357741988,-166.64698322638,201.786803067141,-9.40930264665497,148.723420104007,145.66803248203,5.01000712446337,-158.038321002753,186.967699313,-4.74470898790287,147.934804208281
-224.772574876323,2.5215601000779,-158.85458652824,-179.145958147693,-2.06413475844263,157.860023448769,170.54189539773,0.92775643676128,-166.75958079141,201.003587149442,-9.50715605549033,148.630908011075,144.306472534943,4.87831574519394,-158.303458662967,186.07320173984,-4.83681731840965,147.469578762095
-227.918559966963,2.26777019638673,-158.815273088645,-179.290946902985,-2.16047892054287,157.8949058047,171.283932070699,0.753187741406653,-166.808140574035,200.198329495504,-9.59892120544888,148.590497766144,143.01429903498,4.71870478487324,-158.563196268385,185.238349886754,-4.95141948377339,147.072389009153
-230.5999356292,2.07278445793183,-158.630620698927,-179.389224080566,-2.2218024251028,157.917625597853,172.080502836899,0.603609030650849,-166.789718691176,199.373780078948,-9.68306782552683,148.59381291474,141.814516697847,4.5297672514687,-158.812751618448,184.465723460027,-5.08326348916724,146.736943339751
-232.773150348693,1.97886247991301,-158.34920248652,-179.451635581281,-2.25244268647276,157.934669526544,172.932267848446,0.480971821926062,-166.702046387478,198.5318515689,-9.75952008896233,148.638958565904,140.731147267271,4.31026811759864,-159.050049695655,183.756213801852,-5.22771948609966,146.455624954481
-234.406526720174,2.00711517638594,-158.018245022196,-179.48572354292,-2.25718191039778,157.94879111618,173.840634536777,0.385348017648231,-166.541064559624,197.673990899175,-9.82726265701479,148.724388911072,139.789576367742,4.05984066291009,-159.273305509146,183.108777017445,-5.38084353650933,146.222397451071
-235.481819449579,2.15835963831708,-157.6684928917,-179.497375460719,-2.24021303828982,157.961327516972,174.807173717652,0.315645811492159,-166.302903244713,196.802474462182,-9.88265867224504,148.841118304497,139.015814475829,3.78048205102586,-159.480055044395,182.521283498442,-5.53865271022824,146.031609090324
-235.994978260085,2.41790591996654,-157.310230628665,-179.491471024134,-2.20509950474597,157.972978127012,175.833025801654,0.270064709821375,-165.988617682513,195.920872228003,-9.92046933495621,148.972930355671,138.43477709815,3.47593460884946,-159.667607485011,181.99151400139,-5.69818488006995,145.874760932984
-235.956650950464,2.76050711402958,-156.938698984471,-179.472198114027,-2.15507002392391,157.984103397462,176.918839443779,0.245449756315241,-165.606583099137,195.033391095802,-9.93622159590105,149.101703550566,138.06890862161,3.15002955135933,-159.832684909528,181.516784547763,-5.85813394625746,145.741402506063
-235.391351902494,3.15575678558379,-156.544285463663,-179.443221771568,-2.09308744395554,157.994848528945,178.065283893345,0.237408771589059,-165.171128727363,194.144010490179,-9.92771878431578,149.212478067131,137.937116121118,2.80528203553189,-159.971615087447,181.093166680427,-6.01753432384027,145.623802839962
-234.335153059601,3.57209607968103,-156.120244496464,-179.407798019339,-2.02177860033966,158.005200062073,179.27257858502,0.241190412293819,-164.697847388364,193.255830145304,-9.89520327664072,149.296402945157,138.054040227594,2.44317700946158,-160.081785377165,180.715593200249,-6.17559785864367,145.519975814441
-232.832612354984,3.97782617825967,-155.664603046788,-179.368748475474,-1.94334483260953,158.015048733501,180.539078168486,0.252108199330364,-164.197826165718,192.370627069379,-9.8405888392953,149.351738824701,138.430076084802,2.0659684571197,-160.162004086681,180.378258127813,-6.33231645503373,145.434253439325
-230.933638438786,4.34083664691836,-155.178671893743,-179.32834932196,-1.85943646116742,158.0242795107,181.860672911929,0.265601431767388,-163.675070688439,191.488866893336,-9.76636294188981,149.383232339976,139.071611169891,1.67776904561242,-160.211575427986,180.074596214705,-6.48799027686372,145.376900554577
-228.691542673285,4.62938489910409,-154.666702791584,-179.288242569059,-1.77125793706393,158.032832817451,183.231927175525,0.277580214948526,-163.129095695258,190.610237319531,-9.6747804101902,149.400157605679,139.980640560067,1.28461807070039,-160.22946579251,179.797170133425,-6.64233266918395,145.361793227127
-226.16245028589,4.81422370932491,-154.138068499331,-179.249364936037,-1.67954792124219,158.040719191721,184.647596832062,0.284593309484113,-162.558890489347,189.73426992584,-9.5675866068254,149.41369727051,141.153864622454,0.893367303627956,-160.214288137495,179.538188139405,-6.79423134680445,145.40216719641
-223.404467297033,4.87059929145878,-153.609330105543,-179.212037532093,-1.58446562000839,158.047971859373,186.102897754837,0.283263684873796,-161.965277278097,188.860941656136,-9.44614811855169,149.434098576762,142.58253166419,0.510079658661729,-160.164977254972,179.290459229626,-6.94156586239828,145.506148616249
-220.475426267817,4.78027782952164,-153.103858295907,-179.1761294243,-1.48557411615155,158.054632527626,187.593008020003,0.26999412527047,-161.351866575519,187.99118683797,-9.3119018545875,149.468094606489,144.253465148145,0.13958245282873,-160.08009726568,179.047633822184,-7.08124473598105,145.674177957511
-217.428818683562,4.53460972260813,-152.648655228983,-179.141399366776,-1.38244154730909,158.060782232596,189.11260183279,0.241661535589153,-160.72459548583,187.126768511401,-9.16702940175228,149.51859759094,146.150193108182,-0.214322345642218,-159.956759221367,178.803930013537,-7.21036408692067,145.900237796451
-214.308815016427,4.13713430080877,-152.269266520973,-179.10793975327,-1.2757226508305,158.066438640884,190.655281916287,0.196596294813282,-160.091120831104,186.269844701755,-9.01471210584965,149.586498620854,148.253940842938,-0.549205029871102,-159.791123152487,178.554092174297,-7.326929319228,146.17484046116
-211.146930027831,3.60376041213056,-151.984499759378,-179.076107853583,-1.16693756708611,158.071530106897,192.21266037966,0.13509505084918,-159.461073825019,185.423029567187,-8.85863219047154,149.672159782923,150.544831908582,-0.864859258769714,-159.580289140676,178.293202006771,-7.4299556016486,146.48715961187
-207.962394839824,2.96052765816307,-151.802057386445,-179.046327228747,-1.05783983897875,158.075998623682,193.773500938899,0.0591190243182979,-158.845710362959,184.589456952871,-8.70224785617197,149.776221250011,153.00292426529,-1.16357948234158,-159.324204927218,178.016526167081,-7.51919366015886,146.826729443809
-204.766001840991,2.23867458313448,-151.715423428915,-179.019110947159,-0.950330690909895,158.079764528754,195.323669973799,-0.0288324952023573,-158.256424239273,183.772421826807,-8.54834020497542,149.89972612884,155.608945589878,-1.4495339635906,-159.026629942078,177.719638269224,-7.59465368745064,147.184596587202
-201.565262815934,1.46710573128425,-151.703736742906,-178.994995814421,-0.846203978870145,158.082674573502,196.846924665985,-0.126981804093328,-157.703730408282,182.974970590797,-8.39898745445392,150.043652871645,158.344809322383,-1.72780575945584,-158.696934830053,177.398389720296,-7.65664205817282,147.553156363733
-198.370322427321,0.665121818877578,-151.735355882537,-178.974392841321,-0.746788076276322,158.084562007194,198.326058126427,-0.234945394731873,-157.198136107059,182.199625100998,-8.25570903100656,150.208609738129,161.193925879889,-2.00360197652685,-158.352228668424,177.048612112257,-7.7058665852626,147.925566865261
-195.198948686806,-0.161606878241157,-151.772538865174,-178.957557101658,-0.652828382190764,158.085335863492,199.744274677686,-0.35348166466012,-156.752360696442,181.448504498058,-8.11964197609814,150.394502678949,164.141608257096,-2.28116211961503,-158.017827764102,176.66586511893,-7.7432565795883,148.295894010262
-192.076055128795,-1.02011743793686,-151.776699272078,-178.944743205177,-0.564707383320073,158.084961067154,201.086915093156,-0.482619016065577,-156.382611514185,180.723598577402,-7.9918999604222,150.60037412912,167.175195876548,-2.56140790302241,-157.727037833115,176.245440402142,-7.76959678143479,148.659420609417
-189.029327377143,-1.92571366043816,-151.714499461763,-178.936418006489,-0.482908351418748,158.083281466107,202.343221168153,-0.619014713861285,-156.107605419351,180.02658498696,-7.8737925766224,150.825009339827,170.28340171505,-2.83983543556482,-157.519863994826,175.782790977467,-7.78564398342865,149.012765330172
-186.088960217278,-2.89800410414511,-151.563277425536,-178.933338700411,-0.408295397573856,158.079989083818,203.507168741207,-0.754428385115089,-155.946992096328,179.358257090558,-7.76653588653262,151.068228891288,173.455319143922,-3.1058191508563,-157.438630137604,175.274226149468,-7.79266415885242,149.35360934876
-183.291475148147,-3.95909821252159,-151.315342076394,-178.936317191077,-0.341723092343439,158.074789529145,204.576937122917,-0.875108886887149,-155.919202985874,178.717842456026,-7.67045001711151,151.332069737809,176.67891660829,-3.34101108243385,-157.52225150712,174.717110426282,-7.79234217093345,149.680072779199
-180.676132830402,-5.13633697478711,-150.979294711566,-178.945913313672,-0.283672472428322,158.067496616185,205.553152771377,-0.96279087509891,-156.038182463215,178.102340249215,-7.58420285952116,151.620962164799,179.939236397032,-3.51736293177051,-157.800735869136,174.109803733571,-7.78611637511921,149.991184559934
-178.272141343907,-6.46419660226012,-150.578880201763,-178.962370452181,-0.234213081570096,158.058072383559,206.436627106109,-0.997969406394872,-156.311022540003,177.506357534613,-7.50476843231815,151.941033049019,183.216949395964,-3.60008337762258,-158.288397792735,173.451911477671,-7.77499110583783,150.287772090372
-176.089446822083,-7.97064628849348,-150.150939091142,-178.985651485699,-0.192943842562093,158.046649576749,207.227830260695,-0.963270891670563,-156.735597662737,176.922812811177,-7.42769111587633,152.298904783761,186.486052204364,-3.55613785586181,-158.978111639952,172.744438476095,-7.75966657850229,150.572003385027
-174.122474029221,-9.65265988623159,-149.738589134189,-179.015390824699,-0.158874530462564,158.033512328573,207.928042136934,-0.845397291051807,-157.298501688168,176.344110988289,-7.34756822740721,152.70004824353,189.711968691434,-3.36210086857089,-159.842096241382,171.989505895871,-7.74014105472867,150.846616379828
-172.361508301447,-11.4650244653795,-149.381805084972,-179.050902274423,-0.130270619380602,158.019037633118,208.538822285838,-0.636634978126627,-157.976504656162,175.763346324212,-7.25902942364802,153.147014245837,192.852943633146,-3.00763966578364,-160.839009242917,171.189940815684,-7.71534215806997,151.11450445174
-170.798488188349,-13.3333429431531,-149.11312076534,-179.09141125758,-0.104939919278851,158.003547303279,209.059980450636,-0.336767023215636,-158.739093505573,175.175449571484,-7.1576417438506,153.637940017365,195.863781816384,-2.49732938466046,-161.919853964922,170.349056446187,-7.68355813293039,151.377392206701
-169.431614103894,-15.1761666045648,-148.95636470551,-179.136477954956,-0.0812325775553766,157.987170936579,209.490117787292,0.0452836636066747,-159.549123031337,174.578094127296,-7.04052390050598,154.165669788891,198.699740094411,-1.85240329688989,-163.029784288659,169.470287975717,-7.64315092404265,151.634493907274
-168.271009476892,-16.9165367743477,-148.922850985313,-179.186414763169,-0.0587601728704147,157.96977555927,209.829625252848,0.491203856438636,-160.36401372142,173.97174630503,-6.90674987079831,154.718176186703,201.319409472225,-1.10880125425892,-164.111284027749,168.556551351669,-7.59284675735198,151.882655019464
-167.335392786449,-18.4845563390248,-149.009739341801,-179.242775275418,-0.0380816857020756,157.950838603799,210.082030652638,0.97612824355687,-161.138444689184,173.35881586588,-6.75731866535624,155.280565129678,203.686608486713,-0.311370300973586,-165.110001913524,167.609943415672,-7.53178284851033,152.117299491962
-166.645899964608,-19.8181633073678,-149.202642208069,-179.309707727865,-0.0201272645488932,157.929482551445,210.252427642459,1.47447411109648,-161.827786890207,172.742738455762,-6.59447214807067,155.837762052044,205.771907558404,0.492081364404885,-165.979400367372,166.632103818777,-7.45991576015057,152.333591146887
-166.22391124911,-20.8547797165494,-149.473770477323,-179.397250664323,-0.00499054630176746,157.905212301084,210.344938347785,1.96521669784658,-162.392635860257,172.127180021822,-6.42055943960081,156.376851352554,207.553938726011,1.25565745506528,-166.68313817635,165.624450740279,-7.37830600311052,152.527730174813
-166.089185679988,-21.5206301201877,-149.782239375314,-179.523973474459,0.00974562767023137,157.87893136261,210.361057341187,2.43375521829522,-162.803554768157,171.515447649604,-6.23729238165072,156.888662488987,209.02003699419,1.9399022856812,-167.19681132095,164.587944988668,-7.28837579935983,152.698260703099
-166.25678266387,-21.7511438269664,-150.094265279807,-179.714038251142,0.0279058675248664,157.85229387665,210.299486126631,2.87078533677604,-163.04340241756,170.910793214626,-6.04594403338775,157.36782887669,210.166236870154,2.51525772770618,-167.508630404304,163.522821513262,-7.19091873601741,152.846797756743
-166.719366997143,-21.5291093083284,-150.399615902037,-179.992462493294,0.0515296595105096,157.826322009083,210.157669258863,3.2702350061979,-163.106415967964,170.317482403803,-5.84824086523888,157.810873994481,210.996984956253,2.96267825589524,-167.615397363402,162.428520141671,-7.08575795390842,152.977264817563
-167.45967056652,-20.88199055615,-150.625112627963,-180.386755807675,0.081183166706151,157.802221247385,209.936499640808,3.6301758417247,-162.99495151715,169.742081026548,-5.64734085354074,158.21423455929,211.52385366823,3.27664290025167,-167.514400741212,161.303687872947,-6.97182967375727,153.093044757479
-168.363640102964,-19.834956201874,-150.855230264361,-180.926635606195,0.114777483796651,157.783336808821,209.6470831917,3.95552861248013,-162.712779164244,169.194939377604,-5.44816615667866,158.574683960926,211.764132819429,3.47252329843688,-167.207982307206,160.145919330314,-6.84694110400019,153.193736512404
-169.362953425903,-18.4476331965988,-151.100533502388,-181.64933792109,0.156155519913575,157.775530475236,209.311550969178,4.25395051273586,-162.258247795303,168.691394705238,-5.25661593810302,158.890707347742,211.738588654349,3.57084331317205,-166.712410818343,158.951678945661,-6.70786093006914,153.27416493868
-170.407159691513,-16.8133913425239,-151.362821349071,-182.600720597943,0.216543743401844,157.785723345918,208.955696195231,4.5285933847016,-161.627399893063,168.252014460173,-5.07791391105205,159.161324144656,211.467881392024,3.56257056268528,-166.042091100423,157.716374804482,-6.55296304189794,153.326077695042
-171.457856765834,-15.0235762919223,-151.636230916741,-183.829673536328,0.305960882819655,157.819444307951,208.600890508925,4.77884550344509,-160.825817987268,167.901962288968,-4.9152541985901,159.383485653557,210.973646896532,3.42440291275387,-165.2008201522,156.434306188488,-6.38453304669122,153.342708206747
-172.485058487208,-13.1549290233397,-151.915401339266,-185.381167123723,0.427520182252636,157.881187121575,208.256461128219,5.00731058525032,-159.882336898152,167.668916966403,-4.76952067821341,159.552071423935,210.281283193879,3.16553519882203,-164.200527523252,155.099435306039,-6.20684039541931,153.324486009466
-173.465587763209,-11.2766858829031,-152.195021232321,-187.293106629008,0.582621736523913,157.975051597005,207.914467230904,5.22488132227266,-158.856272671399,167.578980907786,-4.63915108587117,159.662786059223,209.41819211193,2.82468446365856,-163.069414430783,153.706959433099,-6.02196571360824,153.282089524087
-174.382753090307,-9.44768778074082,-152.469704949373,-189.592607717321,0.776355000806747,158.102993943465,207.555881616695,5.44785373003604,-157.822765892308,167.652054318411,-4.51971685820045,159.714361394239,208.412613159744,2.44289319492515,-161.847167499376,152.254583244198,-5.82631502833534,153.234493847132
-175.225379016675,-7.71317142983127,-152.733849926752,-192.29377627974,1.02028445262392,158.262416575545,207.16370165742,5.68888973297737,-156.846585339413,167.898090096183,-4.40444856900222,159.708417917111,207.294899626098,2.05944143447925,-160.58533255208,150.743442103799,-5.61043592321529,153.20205013569
-175.986688754581,-6.10608462164652,-152.982190301629,-195.397217278951,1.33600417487617,158.442174726729,206.729160874445,5.95145052541188,-155.969061888138,168.315175117062,-4.28626552540287,159.648465378013,206.098326784771,1.71122359292126,-159.341565676071,149.179845238281,-5.36457020759704,153.197892521264
-176.663416483555,-4.64872309758184,-153.210250084478,-198.887619764501,1.7586619721814,158.616859852873,206.249484937303,6.23195441302739,-155.210885375222,168.891012952099,-4.16060708603177,159.538723772701,204.856724129069,1.4232056369352,-158.163888944465,147.576571207142,-5.08457518623422,153.222401446572
-177.25537717132,-3.35437571522745,-153.41459526254,-202.733141252126,2.33446639970803,158.740384030821,205.72444882163,6.52342728615324,-154.580240344818,169.607181496381,-4.02696570085038,159.382980219389,203.600071990007,1.20504868085417,-157.081545330881,145.950421614234,-4.77207871689979,153.263188409067
-177.76496159511,-2.22893912359668,-153.592996225436,-206.879068794638,3.09266139392907,158.74857817197,205.155153687611,6.81666338441657,-154.078174486486,170.44320446845,-3.88755852769482,159.184017815503,202.352378422659,1.05674340294908,-156.106237379517,144.318251229004,-4.43438515197134,153.299303130226
-178.196329283184,-1.27181009596417,-153.744467436563,-211.218987277598,4.00747127211965,158.591229091229,204.543734142877,7.10150285699931,-153.700619317383,171.378939116975,-3.74501824288032,158.943541550182,201.131486589337,0.974290429007199,-155.238238654596,142.695375996063,-4.08616875615066,153.307729778699
-178.554929148776,-0.476848715544074,-153.869132476387,-215.588216310453,5.00336249996126,158.263047367435,203.892702617712,7.3687146885384,-153.439890617362,172.395850047928,-3.60142429321369,158.661663661363,199.949749422697,0.952311027028931,-154.475484728812,141.095912905575,-3.74647192696786,153.270352953757
-178.847250853726,0.166539215576875,-153.968036853295,-219.820163818473,5.98642774222267,157.794453136721,203.204236341146,7.61129803786414,-153.286990868827,173.478513007656,-3.45849630124302,158.337474793006,198.815252672944,0.984841493753454,-153.819369786365,139.534380172588,-3.4319491524232,153.177017618296
-179.080392681247,0.672365186057767,-154.043004273417,-223.793031493126,6.86108274955913,157.23312842993,202.480058084169,7.82487583737285,-153.233187925846,174.615784943753,-3.31801570655867,157.972782437068,197.732668415618,1.06497473099093,-153.272947074906,138.027864569656,-3.15557308603491,153.024757738644
-179.261711649245,1.05655759373212,-154.09645227452,-227.416809400792,7.54780987434085,156.63298392205,201.721772527227,8.00703187424463,-153.2694816847,175.800137362781,-3.18197206527066,157.574696403231,196.704195865381,1.18441981097205,-152.835887053911,136.596559853804,-2.92850410955196,152.818284907491
-179.605702720945,1.1037641533865,-154.646843666173,-230.621892749757,7.98713844371048,156.168836413879,200.931337049228,8.15630012441313,-153.385222372772,177.026224320786,-3.05191159535336,157.150756716623,195.730447223521,1.33368646730968,-152.50146773289,135.262399166621,-2.75478953853399,152.569727865652
-179.800928689003,1.18357091301066,-154.902508379523,-233.337413088233,8.18833690525471,155.744194759204,200.111490270697,8.27218090477107,-153.569402696673,178.289567336036,-2.92795405496473,156.703174204014,194.810687947456,1.50274230869037,-152.257190447472,134.047306772321,-2.62667564215344,152.294171533918
-179.892857789225,1.27290223039318,-154.962512482416,-235.521526056353,8.16162183019231,155.385954352041,199.265608638645,8.35550898133581,-153.814264567761,179.585868938873,-2.8098612853997,156.232701245727,193.94310634808,1.68235850243522,-152.088528445029,132.972145563971,-2.52952637025743,152.006980481543
-179.948289325828,1.31523679865375,-154.9837716128,-237.15149322852,7.92317601801098,155.121302220927,198.39714334306,8.4075843446615,-154.114879991022,180.910843416505,-2.69861942747064,155.7457338925,193.125186455097,1.86517864235807,-151.983037500111,132.05707644763,-2.44743822113404,151.724338813358
-179.979818489121,1.31527714484233,-154.985994754402,-238.222503076774,7.49720598072977,154.966041292069,197.509531240013,8.42861098561825,-154.462893910988,182.260197479739,-2.59527087947683,155.255536917989,192.353707236795,2.04525354413597,-151.931570966755,131.322462396744,-2.36432361437904,151.460439986926
-179.994567360316,1.28142441008507,-154.97707423091,-238.746200813765,6.91650060323207,154.9183926392,196.606452693797,8.41686516760514,-154.84040012717,183.630522449654,-2.49964504668488,154.77845905594,191.624801071237,2.21743348969771,-151.924709768803,130.788417466839,-2.2654090274576,151.224377825154
-179.997633003165,1.22187853057338,-154.961427381643,-238.747153538154,6.2179057871784,154.961681243728,195.691949031114,8.36975961653859,-155.221304449472,185.02017747777,-2.41026621564889,154.330189047379,190.934187642902,2.37780278196023,-151.948166614651,130.472638273442,-2.1399742422057,151.022156934649
-179.992945513164,1.14374282036956,-154.941940770891,-238.258540731087,5.43762218785785,155.071293165449,194.770167749756,8.28583533496497,-155.579289961627,186.429239193087,-2.32603348933773,153.924955998813,190.277267103998,2.52428480272547,-151.984504884599,130.388712402936,-1.98259389283903,150.858917735815
-179.983630770884,1.05279787024099,-154.920631427813,-237.318795282649,4.60880789826473,155.221032631167,193.844828653417,8.16586194139504,-155.895011953584,187.858158720851,-2.24981164028446,153.574131623639,189.649126930945,2.65667815750211,-152.019452722501,130.546599024166,-1.79324799346235,150.737386868154
-179.972254035843,0.953425395935494,-154.898917205389,-235.969941447256,3.76124909420654,155.38631750423,192.918907135338,8.01286802248219,-156.159243499668,189.305492774619,-2.18749955924526,153.282650634754,189.044399189982,2.77610577604731,-152.046074660525,130.953952951631,-1.57763525876105,150.656468789184
-179.960964536841,0.848873856305993,-154.877785443866,-234.256975185592,2.92269962072696,155.545058570522,191.99449174484,7.83142678282963,-156.372125108324,190.766907838499,-2.14292485909223,153.047600488745,188.457286925688,2.88415295667739,-152.064677349522,131.616300407755,-1.3463527301993,150.612330602731
-179.951556392762,0.742009956402764,-154.857976970509,-232.226418916227,2.11932370088402,155.679315687945,191.073008069523,7.62680453379582,-156.539896189384,192.236033108209,-2.11603009755691,152.860829143134,187.881988712491,2.98209122999969,-152.079658983047,132.536198650006,-1.11144498126435,150.599604777814
-179.945403085486,0.635988713763104,-154.840037106133,-229.923726160723,1.377250042836,155.775209782172,190.155939549507,7.40440955603981,-156.671237651937,193.705119729467,-2.10448931086699,152.713386384623,187.313389448126,3.07033381386465,-152.096000622226,133.712605232995,-0.882487517013579,150.612426190579
-179.943505782716,0.534289689940286,-154.824239196995,-227.391084489579,0.724281527961571,155.822848767804,189.245043936976,7.16957509681915,-156.774740458916,195.164999158459,-2.10573294076441,152.598818048051,186.748869117099,3.14973934007014,-152.119382755372,135.140610278252,-0.665412138352438,150.646225354914
-179.946666265256,0.43991260778078,-154.810736543579,-224.668212244997,0.183879785293332,155.821278776171,188.341960055996,6.92759305068675,-156.857884148366,196.605511097527,-2.11870964244881,152.513704457613,186.186777287097,3.22148742353389,-152.155397786727,136.811626173246,-0.464149524022919,150.698732714841
-179.955323683818,0.35458617570871,-154.799606381242,-221.795217012891,-0.231260748051063,155.778817770287,187.448150673258,6.6833650338694,-156.926266308467,198.016187283872,-2.14424046861634,152.456639962847,185.623207898487,3.28515951646242,-152.204403980949,138.714110372341,-0.282419621598317,150.769820653373
-179.969467658203,0.279435963640453,-154.790689984041,-218.812686242166,-0.517361266843648,155.706024558239,186.564963277353,6.44090464926908,-156.982435353279,199.386887167533,-2.18391514494863,152.427417838668,185.054270986216,3.34099755449447,-152.260932710411,140.833967083118,-0.12377316826419,150.861301461146
-179.988859436231,0.21550606531684,-154.783736088824,-215.758920993313,-0.673446570245029,155.610306954233,185.69350314207,6.20358765168506,-157.02611271578,200.707594718126,-2.23933744264725,152.427182293487,184.477377622809,3.39140245748404,-152.317925319206,143.154668040274,0.00943119481546593,150.975978178646
-180.013140230053,0.163383998698792,-154.778502355683,-212.665974007439,-0.696684265832544,155.495849379595,184.834522079394,5.9745881233987,-157.056077774251,201.967488926465,-2.31220030779169,152.45896746649,183.8898454394,3.43917479041859,-152.370004793154,145.657943292579,0.116343549585282,151.11640301829
-180.041812292866,0.123031673533097,-154.774695532078,-209.556861981313,-0.582948098849222,155.368026611732,183.988388181591,5.75687517871286,-157.071633671163,203.155302884773,-2.40457803919344,152.527298322077,183.289221490793,3.4867339103573,-152.413855587283,148.324693830241,0.196508840753861,151.284909641589
-180.074337376311,0.0933060489633544,-154.771990711669,-206.44654337789,-0.331513939312584,155.23755055505,183.155361740307,5.55285780625034,-157.073127821585,204.260742139034,-2.51852949206153,152.636563026017,182.673718956515,3.5362843854464,-152.447105505125,151.13576863455,0.248405200638124,151.483597513949
-180.110245251913,0.0724962545488231,-154.770123639069,-203.344402155243,0.0509939642086053,155.120309263889,182.335964964842,5.36413819189347,-157.062024795035,205.27515863991,-2.65497225473574,152.789346442301,182.041805699547,3.58990411542963,-152.468519336095,154.07260665071,0.269348848303368,151.713180827148
-180.149016508331,0.0593812359760149,-154.769002992796,-200.255156257089,0.551266296857132,155.033799269495,181.530998878897,5.19189302829917,-157.041069250418,206.191351442898,-2.8132911858264,152.985107078719,181.391580178531,3.64925473734916,-152.478716820873,157.117428063812,0.256834274771303,151.972035989445
-180.190119867844,0.0528261623873224,-154.768648959335,-197.179273642424,1.15229812188602,154.991790509054,180.741222867156,5.03714653861172,-157.014953326189,207.003844164236,-2.99203920553981,153.219223881265,180.720780036828,3.71533585982927,-152.479804287493,160.252852337018,0.209377402135159,152.257267888383
-180.233113398986,0.0516186810177759,-154.769057703142,-194.116177373398,1.83420984220804,154.999388232798,179.967100217626,4.90050508591247,-156.990638686106,207.709926068328,-3.18960931209366,153.483463694453,180.027161061509,3.78864690236974,-152.474221455532,163.461512400048,0.125747118506742,152.56741540042
-180.277580146502,0.0547437414531254,-154.770117964295,-191.07049006739,2.57438226309956,155.051225668006,179.208760778718,4.78187829563703,-156.977023972036,208.310292956224,-3.40491035185327,153.768111970392,179.308629858555,3.86941202966193,-152.464608415292,166.726467653826,0.00392701479542326,152.90472672899
-180.322977707514,0.0611678107252046,-154.771543605681,-188.057224034328,3.35203656686802,155.132403201191,178.46595189625,4.68015909840791,-156.98453199688,208.809153812162,-3.63840793083421,154.065075986238,178.563306869534,3.95733000359472,-152.45468729791,170.031455884031,-0.15881260455917,153.276355423011
-180.36901759331,0.0701608994871748,-154.772820606431,-185.105037606669,4.15609499172387,155.22222551481,177.738006798949,4.59307411424947,-157.023874941387,209.215314164166,-3.89155704022902,154.370383015735,177.789840987726,4.05123591128085,-152.449283769892,173.359358477054,-0.364922447446368,153.694444280781
-180.415485919619,0.0818539086905694,-154.773217121674,-182.251559858532,4.98345589099183,155.300913464979,177.023890387232,4.51751169438935,-157.103669078027,209.54341306512,-4.16363973983275,154.685170850776,176.987715806413,4.14928187424504,-152.453051520621,176.689136953747,-0.616821341775987,154.175451186014
-180.462268593941,0.0972996619043403,-154.771937370101,-179.529177080442,5.8288203772398,155.355701344205,176.322189898508,4.44997292291057,-157.228177452251,209.812827430136,-4.45001413033303,155.013880867319,176.157379516143,4.24961496438886,-152.469048018491,179.993436656183,-0.919778793319158,154.737653626904
-180.509497338302,0.118301466833937,-154.76834115662,-176.9592822333,6.68291872173006,155.384044200662,175.631000692141,4.3870501284806,-157.396325498158,210.043516907319,-4.74535159529331,155.357200036573,175.300340595084,4.35092718872502,-152.498143495851,183.238911848156,-1.28340860599954,155.393269740673
-180.559270993982,0.146555605176521,-154.762191370549,-174.558768781121,7.53659392361774,155.393128074391,174.947834892545,4.32592335566059,-157.60232865171,210.251308485949,-5.04682093153501,155.706501767413,174.419311349838,4.45246141637856,-152.539397176781,186.388223577389,-1.71700391828703,156.136861276562
-180.61727034749,0.182576517600784,-154.75417242746,-172.345869276284,8.38148469168517,155.396789078031,174.269741819959,4.26450946807221,-157.837260495333,210.445501601152,-5.35238815985551,156.049314567732,173.518111875749,4.55384923158771,-152.590467556835,189.401327589036,-2.22228285180424,156.941028935273
-180.693860196435,0.22497966677137,-154.746054486401,-170.339388591399,9.20618253494689,155.411778903247,173.59366499475,4.20122592210664,-158.09071571743,210.627936105513,-5.66014983835804,156.377203702481,172.601013158851,4.65531760852041,-152.648015209315,192.236968714008,-2.78938587798007,157.764057692005
-180.800233664474,0.272396325725288,-154.73974516222,-168.558111572147,9.98857640064235,155.452166391701,172.91691409571,4.13464496757388,-158.352297192005,210.793550282728,-5.97076528429051,156.684825056552,171.671872827945,4.75763006144207,-152.708786590089,194.854905808794,-3.39730187461949,158.561884847467
-180.94630105895,0.325537852793588,-154.736621382461,-167.024188687918,10.692157085094,155.523023808034,172.237603875837,4.06332352725337,-158.612764636583,210.932717166932,-6.28611516841744,156.965728381526,170.733546887577,4.86138877564909,-152.770596548712,197.217813191973,-4.01883020897836,159.297486394448
-181.143199446467,0.387254575730142,-154.737903621321,-165.764474827177,11.2735390126593,155.619703422537,171.555058714484,3.9860355905533,-158.86489214543,211.033422434267,-6.60312911401857,157.212045390669,169.787370380746,4.96655905205266,-152.83228717725,199.293423429304,-4.62540798526878,159.945458069797
-181.405316591109,0.462464656879056,-154.744936672518,-164.808486024472,11.6953872872525,155.731657959114,170.870173364125,3.90219281507646,-159.104471997435,211.082210182648,-6.90929066139355,157.415890092526,168.832668655473,5.07253970598924,-152.893227546633,201.056282119513,-5.18852264670132,160.490589519712
-181.752024446811,0.557922822139629,-154.759317942824,-164.180885231563,11.9353919410265,155.852329452417,170.185543515739,3.81189964789305,-159.331387334139,211.06565452878,-7.18541582568847,157.568442170077,167.866633135854,5.17843920089429,-152.953307445432,202.488723400194,-5.6815693634602,160.92103853398
-182.214119677955,0.679216942966268,-154.783426572533,-163.93500029072,11.9945318192076,155.911346897147,169.505562186703,3.71560934838082,-159.549933722561,210.973240784939,-7.41435783168155,157.658418336461,166.88439947065,5.28324509414813,-153.013573078323,203.583033152457,-6.08395573275713,161.220134575708
-182.822890066183,0.834805879548288,-154.820656509652,-164.038383231086,11.8369363200912,155.983039383437,168.836927085781,3.61351856111264,-159.768040953209,210.800895970996,-7.58858926658973,157.670912743628,165.87902479341,5.38570504951856,-153.077156810448,204.344348568491,-6.38588602357362,161.36225111898
-183.618314150177,1.03185234974172,-154.874935296854,-164.464426616102,11.4489645685531,156.050421339145,168.189452654369,3.50607593003244,-159.994951969977,210.555595038426,-7.71083769536946,157.588231273305,164.841532399237,5.48380603337567,-153.149755579846,204.789803405529,-6.59028046972261,161.323350064306
-184.645117468669,1.27760185755657,-154.951533425297,-165.162010296673,10.8477593393436,156.105075260607,167.57653969618,3.39521124615617,-160.237943479058,210.256599313344,-7.78903464058969,157.394934990243,163.761388446839,5.57440626620974,-153.23832709397,204.943839277644,-6.70160209512793,161.10055511282
-185.951013406686,1.57629606965496,-155.059514659752,-166.071071020644,10.0756543730059,156.149392281254,167.015047440772,3.28308303294755,-160.500688934682,209.926320056078,-7.83027389855023,157.08322626385,162.627762952476,5.65354909481848,-153.347888098246,204.8330963079,-6.71348119699819,160.713115129471
-187.583196668531,1.92685179332945,-155.213803396954,-167.127210895887,9.17575550481273,156.185219639132,166.524080115131,3.16988213464356,-160.784308127744,209.578502565776,-7.83926850429844,156.657311682304,161.431475700585,5.71721278662426,-153.479005763188,204.482561324577,-6.62321994345466,160.186114392886
-189.582847640024,2.32099692653835,-155.434375618475,-168.269052257549,8.18597206002439,156.213865653998,166.12243436048,3.05358236994417,-161.088493053287,209.217395775853,-7.82250059155124,156.133158805935,160.166690907966,5.76279164867338,-153.627982558586,203.915853387937,-6.4471837582548,159.541599390844
-191.978311783084,2.74132119415159,-155.741390554102,-169.44338086352,7.14568277139728,156.238574787621,165.826271635725,2.93078238179128,-161.411507614111,208.842003841596,-7.79049252651938,155.535250952512,158.831839017574,5.7905024774158,-153.78948142695,203.15828608243,-6.20766987766826,158.797425483474
-194.779401585765,3.16308840390801,-156.149513264611,-170.605800956408,6.09487980769347,156.263275979601,165.647238801912,2.79792231859667,-161.750589653674,208.44730929007,-7.75542205901501,154.896193842053,157.429744434073,5.80349720090303,-153.958972705403,202.23744539131,-5.92146747874422,157.96820386263
-197.974514511959,3.55680083167668,-156.664749221705,-171.72231168582,5.06734427682122,156.29042316711,165.590749090846,2.65226609289325,-162.101617896489,208.025956088881,-7.7280266788944,154.252044271714,155.967490042598,5.80619670212277,-154.133524755225,201.181602551878,-5.60745235084929,157.071755749746
-201.530884651327,3.89227613919954,-157.282407154283,-172.769154805397,4.08848708939577,156.320440823764,165.655963708029,2.49218704900244,-162.458135255332,207.571410543012,-7.71516923275333,153.632514302683,154.455316822874,5.80126875115802,-154.312098315607,200.018052240535,-5.29062666347499,156.136386397684
-205.395194381293,4.14324341614458,-157.985293377711,-173.730609464387,3.17735138027971,156.352522554804,165.837279184024,2.31771662061141,-162.811957304385,207.079655456592,-7.71919953399224,153.056115600196,152.904838146344,5.78835770616268,-154.495098341433,198.771567506359,-4.99407316398736,155.201053281324
-209.478827257056,4.29231878488433,-158.737497895258,-174.596997284106,2.34757211271794,156.385199459733,166.125527453535,2.13114907517073,-163.154810445814,206.547861220197,-7.73984001437324,152.533493786412,151.32867222335,5.7653097914759,-154.683656862932,197.464547954871,-4.73311622391312,154.305777375703
-213.635418496132,4.33663602940404,-159.478757022651,-175.363592910155,1.60778912570018,156.416835663326,166.509411773642,1.93697694156744,-163.479214727379,205.973416699932,-7.77556770261758,152.072285544432,149.740765953958,5.72902276906725,-154.879046477588,196.118718472466,-4.5157677624883,153.479859752229
-217.687578737737,4.28701368657631,-160.13230018337,-176.029834402105,0.962198376133175,156.445989697702,166.977977426941,1.74092370059766,-163.778017811533,205.354928277425,-7.82343363426244,151.678208001448,148.157017912915,5.67489875108401,-155.083139631502,194.756041472331,-4.3449840823478,152.736970644916
-221.487218280233,4.17046468777171,-160.625819849201,-176.598121198961,0.412447051772105,156.471630871673,167.522170775043,1.54829360836427,-164.04431067397,204.692405668348,-7.87914200464037,151.354299219987,146.596262363256,5.59507713274194,-155.299522382255,193.397563293092,-4.22113291603087,152.078401689818
-224.933487990076,4.03502701720584,-160.918146448664,-177.073077041356,-0.0416305148158556,156.493218469504,168.134865651197,1.36282356985388,-164.272600238887,203.986651224925,-7.93750671758808,151.100187016941,145.080649728413,5.47918103361945,-155.532065277921,192.06152300738,-4.1427935309568,151.501881581794
-227.954079861565,3.93828346276517,-161.013112573146,-177.461272930597,-0.40288980447984,156.51059673427,168.810456710468,1.18671260615395,-164.459616913352,203.239205961822,-7.99314039926937,150.912149213021,143.63501907997,5.31868605819097,-155.784221964485,190.762848801867,-4.10661810322035,151.008581494364
-230.493497196182,3.92462763493812,-160.945929501327,-177.770614510196,-0.6766919950565,156.523904705487,169.544405425943,1.02150156172625,-164.604224313432,202.452163305848,-8.0414541592429,150.784688408893,142.28575452027,5.1079005485467,-156.060485919846,189.513748061824,-4.10757989201194,150.602875295227
-232.527630796864,4.03669397945905,-160.960541612049,-178.121273199836,-0.687080946695375,156.861320631181,170.333046032566,0.868969617294628,-164.706925291908,201.627851451328,-8.07921299542326,150.712531850401,141.05936904811,4.84365752671291,-156.364911406724,188.324235011999,-4.13939431841713,150.288245848426
-234.033122362402,4.24662531551665,-160.867347027289,-178.34496027037,-0.729650840610807,157.003948828968,171.1737066497,0.731589108798172,-164.769180509706,200.768875115096,-8.10423221669153,150.691330153026,139.981313102125,4.5275510047303,-156.69812725646,187.202435483512,-4.19502177057097,150.064437149316
-235.018510184433,4.53913618971165,-160.677364184746,-178.480672316591,-0.767356750915944,157.039758916944,172.06492316796,0.612396882834361,-164.792957791306,199.878220869792,-8.11459166894323,150.716654520167,139.075105318499,4.16641628795366,-157.056544798368,186.154611834199,-4.26740198436665,149.927265118121
-235.506552536878,4.89395556201933,-160.400484225277,-178.566215581458,-0.761212837990713,157.055683723701,173.006410851007,0.514223363658183,-164.780385604764,198.959180675852,-8.1079394590783,150.78227389568,138.36132310401,3.77063663880098,-157.432898708678,185.184835892566,-4.35019102263065,149.870433180703
-235.526155210923,5.28796506029298,-160.042659512019,-178.613578965657,-0.714916103740224,157.06233895778,173.998471499447,0.438829497234766,-164.733284843863,198.015274656006,-8.08151722409679,150.87959332058,137.857819059045,3.35215332902518,-157.816925797513,184.294701594014,-4.43788865732736,149.887305714789
-235.107455508327,5.69762746082307,-159.609934630256,-178.631869811971,-0.635796062147484,157.063577149218,175.040919087456,0.386628102601132,-164.652964335016,197.050439780662,-8.03292218746872,150.999119901077,137.580246711845,2.92297757464549,-158.197027782708,183.483331969753,-4.52575652946688,149.971282707572
-234.281651532109,6.100831147684,-159.109674677309,-178.628762530919,-0.531223246858701,157.061345449837,176.132316062078,0.356915907277121,-164.540263474929,196.069003810437,-7.96087150976894,151.132584293861,137.541393214616,2.49423663874485,-158.563030563455,182.747746281476,-4.60980838076222,150.114814981161
-233.082075947253,6.47722977250246,-158.548585064999,-178.610758765797,-0.407687999633069,157.056687565711,177.270072631677,0.347967588481413,-164.395438803614,195.075514784691,-7.86548428558755,151.273843024576,137.750498584613,2.07522701355786,-158.90792160195,182.083432285072,-4.68669341726204,150.308064453905
-231.543871333459,6.80736346123355,-157.930874084707,-178.583426347862,-0.271139867756204,157.05008334568,178.450781652384,0.356871545336711,-164.217971541171,194.074755490503,-7.74829574613941,151.418462127789,138.213073884629,1.67280051349659,-159.227779588085,181.484696109225,-4.75383816298574,150.538956408522
-229.702930667406,7.07199962909167,-157.259172085642,-178.551678054069,-0.127513734321586,157.041664975888,179.670258138646,0.379834316424791,-164.006718061325,193.072030599282,-7.61206092598603,151.563165697408,138.930873048438,1.29133953258014,-159.52096248628,180.944757254295,-4.80992309924561,150.794996693806
-227.59482798315,7.2524075007365,-156.537742170923,-178.519855005984,0.017229899866847,157.031365808133,180.923585644533,0.412914641679396,-163.760573365835,192.07333600483,-7.46035335378489,151.705922854488,139.90202913835,0.933067175393561,-159.787222874226,180.455746584851,-4.85483933242143,151.065606502885
-225.254492501519,7.33123324933319,-155.77546652701,-178.491510179553,0.157661333208833,157.019010869269,182.205559724626,0.452458834811529,-163.479562591728,191.084664892455,-7.29712456226931,151.846507821078,141.121504336688,0.598827724718062,-160.026986231637,180.008792783746,-4.88906648710074,151.343401855654
-222.717595014825,7.29340191120931,-154.98671965396,-178.469249945176,0.289387858845659,157.004429512474,183.511373295275,0.494937065970691,-163.165728512827,190.111316149261,-7.12609182411834,151.986482645647,142.581644296736,0.289195281194235,-160.240479702985,179.594351682803,-4.91321266711036,151.623847810026
-220.022344217785,7.12692738522006,-154.1898953515,-178.454655903033,0.409206196438544,156.987534805577,184.836768279272,0.536465012491051,-162.823261827824,189.157779390292,-6.95031731525101,152.128398065114,144.27257662746,0.00531015878924233,-160.426575945175,179.202552285222,-4.92770237605917,151.903934899763
-217.208777014405,6.82358646285081,-153.404763969915,-178.449152455253,0.514571117225847,156.968271534573,186.177586827029,0.572957108845781,-162.458062009263,188.227792111808,-6.77237558067457,152.274813307401,146.182464968406,-0.250965246748067,-160.582674488987,178.823551511828,-4.93286030652713,152.180908047658
-214.315475563427,6.37876799148779,-152.650420052873,-178.452880784895,0.603938945722807,156.946704187954,187.529430592637,0.600665898353923,-162.076491848075,187.324422478399,-6.59464845676171,152.427406292135,148.297808725623,-0.477829778900085,-160.706074834986,178.448066219359,-4.92950116331881,152.451586265453
-211.375426379052,5.79196553649767,-151.944537787714,-178.465845572004,0.676038054610009,156.922815017727,188.887509275693,0.616596881865836,-161.684411238512,186.450044826683,-6.41944619426941,152.586490880281,150.603888244241,-0.674886327820757,-160.794901953159,178.067756471273,-4.91904098976492,152.712408006638
-208.413406594677,5.06915206838724,-151.302139210154,-178.487879154381,0.7298232726592,156.896476128717,190.246609585786,0.619225066965521,-161.288096720062,185.606346293884,-6.24917006521747,152.750984651891,153.084900477718,-0.844067470064292,-160.847902292561,177.67529223034,-4.90296515119682,152.95976330169
-205.44721553764,4.22306975652332,-150.733378987441,-178.518480985818,0.765107092434473,156.867810541983,191.601237622105,0.608953701848361,-160.894957616535,184.794422276559,-6.0863983620697,152.918460623474,155.72360980807,-0.989707695054371,-160.864903192605,177.264425129418,-4.88237873859923,153.189394241335
-202.489275500942,3.27033116487082,-150.242606201588,-178.556958496888,0.781805859318717,156.836984560186,192.945696805856,0.587864089584113,-160.512551068565,184.014922071247,-5.93374176338745,153.08488136511,158.501390580091,-1.11785678441641,-160.848369486298,176.830253756296,-4.85815446915853,153.394428604834
-199.545131850322,2.22847953111097,-149.828946115984,-178.602692875901,0.779102495923433,156.803980045707,194.273902850755,0.559002972514368,-160.147642933692,183.268125660795,-5.79389878650357,153.244505316706,161.398782483666,-1.23526516919706,-160.804467501372,176.36963679499,-4.83233549473298,153.564311985888
-196.614033578684,1.11469988495954,-149.487756738705,-178.654871947528,0.75597195468752,156.768889201765,195.578985992026,0.525417870441354,-159.806024557553,182.553679947378,-5.66999976157126,153.390870354129,164.395920073093,-1.34850272962488,-160.743109524115,175.881178041609,-4.8092596806266,153.686930820274
-193.696573787597,-0.054593592411669,-149.212362118083,-178.712300037971,0.711867176514729,156.732021130565,196.85329130523,0.48942398155752,-159.492700848461,181.870024546479,-5.56537378751409,153.518921887759,167.473096982616,-1.46254042089754,-160.677290132641,175.364170862218,-4.79451697313405,153.752352970182
-190.803026194618,-1.26642760965828,-148.995711710873,-178.77351411515,0.647894580840443,156.693916837738,198.089435198512,0.452919544342318,-159.212610017587,181.213962928334,-5.48227105416013,153.627455759018,170.611229091564,-1.5790900302869,-160.621832250951,174.817419209984,-4.79276627919606,153.756136045971
-187.95393298366,-2.51534625572433,-148.833313811423,-178.837065437249,0.566796483960619,156.655210404534,199.282059765569,0.418096954264243,-158.970877347497,180.580855275864,-5.4205003706175,153.720388043998,173.791787568377,-1.69566681455321,-160.593002330538,174.239139922223,-4.80647120150979,153.700599614018
-185.1774617905,-3.80265173773173,-148.727151115238,-178.901736376949,0.472256616282661,156.61648857771,200.429100924036,0.386593483665762,-158.771215833593,179.965448549867,-5.37699062018868,153.805714785292,176.996165899204,-1.80536586834831,-160.607364251325,173.62737611229,-4.83583321988048,153.593291790657
-182.503228820838,-5.1255359591576,-148.686652416515,-178.966521444236,0.368502711928219,156.578327899575,201.531650955112,0.357716796197371,-158.613295089316,179.362750790434,-5.34653819711939,153.892177500228,180.204454206431,-1.89788479131126,-160.676443194256,172.980379770571,-4.8793193058332,153.44413886359
-179.954086621404,-6.46819085955521,-148.722893669221,-179.030578187687,0.259683611922757,156.541283314479,202.592581917163,0.328474307889013,-158.49140975344,178.768367099291,-5.32356260866485,153.985370335006,183.393954673381,-1.96097171452259,-160.800877664588,172.297111389063,-4.9349211561191,153.262368192869
-177.547122355629,-7.80837218759345,-148.840246861608,-179.093235289456,0.149533896245509,156.505817439422,203.614565618755,0.296814656230913,-158.396373549972,178.178500090729,-5.30380046641536,154.08582089577,186.538057708728,-1.98274653744494,-160.969419891257,171.577417756032,-5.0010477849369,153.054542023865
-175.298859094268,-9.12698188661065,-149.032647757002,-179.154037589029,0.0412884279954944,156.472239891853,204.597860731625,0.265537282345227,-158.318753345793,177.590001084596,-5.28485320175941,154.190176957786,189.606972226558,-1.95614223885706,-161.163053335778,170.821980344265,-5.07645550954398,152.825002861301
-173.2253759773,-10.4079109143942,-149.285727184668,-179.212759916036,-0.0630356841628583,156.440826540165,205.539018001901,0.242188372329354,-158.250960060806,177.000383356324,-5.26552557357199,154.294663284221,192.570433077698,-1.8816827694939,-161.361638186454,170.032459216041,-5.16009733671843,152.577882419403
-171.339972234014,-11.6316661688012,-149.582148053631,-179.270115643967,-0.161534008894073,156.412087367805,206.431266389051,0.234931123005729,-158.189540050073,176.407722912295,-5.24480927761351,154.398230905326,195.400178894388,-1.76581700185905,-161.55038031981,169.211092169559,-5.25080888269183,152.318772349814
-169.652351339743,-12.7728340451137,-149.907789740981,-179.330724234811,-0.252746278421424,156.387004239185,207.265591190189,0.248333885944079,-158.136606630512,175.810491100589,-5.22112447524203,154.503452528075,198.070572311291,-1.61718447961467,-161.723701608358,168.359876002971,-5.34663091003154,152.055090121904
-168.172496121936,-13.8018320482092,-150.255126406472,-179.406624187444,-0.335874152514896,156.367147697102,208.032088779623,0.28179013358669,-158.097201240515,175.207615079673,-5.19206328353601,154.615456829814,200.55789227036,-1.4439499979293,-161.883774669877,167.480432249549,-5.44504318722803,151.794921038081
-166.913816822358,-14.6879401980315,-150.622005611111,-179.514836099016,-0.411209171199143,156.35419129389,208.72127951774,0.331292843124538,-158.074854851192,174.598825139729,-5.15494978468563,154.740208754189,202.839865029978,-1.25386820133233,-162.033977750184,166.573879351359,-5.54380516182841,151.545327273625
-165.893517604653,-15.4035934248814,-151.008619991595,-179.671621940643,-0.480901512293633,156.349030598206,209.32463435759,0.39193008419758,-158.068333421852,173.984847987869,-5.1074107369157,154.883137004715,204.895994794462,-1.05726658653456,-162.171410008409,165.640336644981,-5.64109944426328,151.311459497561
-165.131819330663,-15.9234182408979,-151.411656497797,-179.891788616818,-0.549061759833478,156.351775503119,209.834782920804,0.458240945490246,-158.06861164474,173.367647505982,-5.04751496192554,155.04824650568,206.708267825028,-0.870375766731604,-162.28280761138,164.678559998987,-5.73516878157874,151.096857631747
-164.646893769214,-16.2318375280563,-151.818701066201,-180.190585128126,-0.621184170732562,156.362363623738,210.245522016256,0.523407341943279,-158.0574541381,172.751144116957,-4.97428088357211,155.237466055873,208.261383521161,-0.715375010691337,-162.344876261408,163.685706912162,-5.82395201833644,150.90461383034
-164.503619077434,-16.3366875508572,-152.146393632912,-180.585904385032,-0.70227254353899,156.380587776772,210.55108544004,0.579296747877839,-158.010037989251,172.142257260934,-4.8885541082096,155.449627890145,209.542201539505,-0.616899867835724,-162.32770025398,162.657057425982,-5.90521454595504,150.738048697287
-164.686099891202,-16.2062471924007,-152.453536770205,-181.098513994379,-0.803840760784843,156.406606835415,210.745243625663,0.618700945751423,-157.900450077698,171.551883701486,-4.79330195450838,155.678971385332,210.539428742859,-0.59530359914046,-162.199818947951,161.585701645346,-5.97685139678963,150.600248790644
-165.169218443051,-15.7985146901235,-152.727016090319,-181.758350020818,-0.9352696888165,156.441653387409,210.822674304094,0.639935218301913,-157.706430478312,170.995531470728,-4.69301966171126,155.914748385406,211.244323230741,-0.656021247028738,-161.933674159545,160.462980779659,-6.037087018123,150.492518630237
-165.891889438813,-15.0943057839615,-152.964184544004,-182.605244698344,-1.10356222670675,156.488868479911,210.78488227364,0.651956952078421,-157.411475830492,170.493361040956,-4.59278374808123,156.144731272346,211.653975366641,-0.778065134068157,-161.519949625329,159.279636800905,-6.08461566866595,150.412527676703
-166.794019359954,-14.1285766359089,-153.178638203447,-183.68620381966,-1.31240323882067,156.553538436978,210.645893622342,0.674261477641252,-157.005905079759,170.069010014717,-4.49579306154644,156.361822986619,211.777386525539,-0.923819071998374,-160.984373900416,158.027551356447,-6.11811836412064,150.354853817605
-167.821578499325,-12.9627705598918,-153.381405204403,-185.049797204947,-1.56522363031377,156.643717450513,210.429029375905,0.728107128014707,-156.48995222396,169.747215857499,-4.40094632444626,156.566448120962,211.633602658311,-1.08008450653003,-160.364109594216,156.70130187281,-6.13595742495104,150.314810740501
-168.924422756615,-11.65003147269,-153.572333361409,-186.741119978352,-1.86488804992215,156.770415355004,210.157846862472,0.82818349185228,-155.876637477523,169.551333794764,-4.30400794121706,156.762637719043,211.242319719769,-1.26836058253545,-159.669372219136,155.298217875414,-6.13591678197555,150.29386849182
-170.057702242917,-10.2411121135588,-153.750645672209,-188.798359129844,-2.20687209478646,156.944538154683,209.84962454059,0.982384807334358,-155.189578876662,169.500912195776,-4.20032500500571,156.954742315675,210.625113764367,-1.5014690476877,-158.897264734183,153.818417600488,-6.11314534977726,150.302415337034
-171.183336108543,-8.79132038393025,-153.91845820438,-191.248617808199,-2.57545680589398,157.172279186864,209.511670096847,1.19434956767053,-154.460879583197,169.609165097042,-4.08633795350068,157.146117759177,209.81102843695,-1.76548703793916,-158.057266533426,152.265562598758,-6.05823445152644,150.355699971345
-172.270556820767,-7.35287023479812,-154.077881144699,-194.103152104972,-2.94396049237933,157.452199621489,209.141086552498,1.46349654883195,-153.72815679122,169.881176952794,-3.95963003421276,157.337744527784,208.832554512957,-2.04159009486781,-157.163866910383,150.647057632251,-5.95924818733617,150.466231670893
-173.296325614252,-5.96843227047452,-154.229484684518,-197.354771076579,-3.27794849985164,157.773974254295,208.73025234792,1.78374372929788,-153.023887921581,170.313012677657,-3.81852779445475,157.529579085376,207.719889447142,-2.31325274725795,-156.230038269,148.974165466522,-5.80614663010281,150.637949178771
-174.244491855884,-4.67033850727302,-154.372362785504,-200.978847836027,-3.54226029706177,158.118841109143,208.274461217941,2.14410230055419,-152.366845832701,170.89171741793,-3.66277233044983,157.722686169758,206.501790853566,-2.55803436640603,-155.274938451952,147.262234327504,-5.5926424519047,150.864167851358
-175.10452969086,-3.48156828671073,-154.504795084444,-204.935877456573,-3.70473306584619,158.45916760899,207.774340540662,2.53200795717312,-151.76578026918,171.597364442144,-3.4951198740514,157.916623287233,205.209550169414,-2.75167316038113,-154.32682097643,145.529731231951,-5.31609243557415,151.129584836944
-175.870559694593,-2.41615022756682,-154.624819644287,-209.151990365863,-3.74867368107317,158.761147363372,207.232268962542,2.93720517289199,-151.228388014878,172.407183061568,-3.32178674020715,158.105084532162,203.875743369707,-2.87808969959403,-153.416911213033,143.796483481083,-4.97822214576861,151.412916221528
-176.540701894101,-1.48080707633005,-154.730692361377,-213.494778623149,-3.68026417988754,158.998732897396,206.649334330759,3.3527365972453,-150.765098264388,173.299916904477,-3.15040099343091,158.275145155278,202.52872690897,-2.92964679126655,-152.572509793322,142.082276612229,-4.58828007055818,151.689898391195
-177.116421512535,-0.676561531191512,-154.821187064244,-217.797427115013,-3.51635312492328,159.164831641112,206.025578782424,3.77249813203981,-150.386782207232,174.258712761087,-2.98758275329253,158.408919692194,201.190528380011,-2.90422039394224,-151.814070195987,140.406141133371,-4.16484071145632,151.939783520402
-177.601845823665,8.09262971340453e-05,-154.895766594004,-221.908194980465,-3.28885778666535,159.2736660055,205.36147199261,4.18898763978263,-150.10034966799,175.271643164818,-2.83858774422692,158.486657038842,199.878174968907,-2.80514119563658,-151.154582858224,138.787226257159,-3.72893326092611,152.148061098889
-178.003004684462,0.555946453794488,-154.954622239483,-225.714858102703,-3.05017180109476,159.357751903065,204.658698947978,4.59317949804264,-149.905804728064,176.33070590052,-2.70776590348809,158.492549769889,198.604994521066,-2.64090059712553,-150.599312976407,137.246684157895,-3.29808523743906,152.303401853314
-178.327154310936,1.00010541882628,-154.998610665468,-229.13669975055,-2.85196160402344,159.451869354751,203.919743707604,4.97563183228421,-149.796862846592,177.430974612097,-2.59822891913272,158.420342202351,197.381165912559,-2.42309192178478,-150.146676134412,135.807050935756,-2.88707495953035,152.399592113663
-178.582265602385,1.34322727213743,-155.029097630415,-232.112828217259,-2.72387993585044,159.572094525517,203.14710107208,5.32782915369333,-149.763532309552,178.569996177548,-2.51169438472817,158.274341850707,196.214043980125,-2.16423555636174,-149.789858746905,134.489580469769,-2.50552762805573,152.437546747282
-179.006538249116,1.4481475531464,-155.414031775443,-234.614634403998,-2.70341678706072,159.906313973121,202.342990506516,5.64323386519585,-149.794336514938,179.74658304647,-2.44881761044842,158.065964985119,195.108716041963,-1.87618512533603,-149.518871917109,133.31392215156,-2.15701945354185,152.420831058936
-179.228065691497,1.5737339573934,-155.544773768261,-236.605209685617,-2.77094089996761,160.23500620051,201.509483686267,5.91775087138532,-149.878048468459,180.959607489794,-2.40918881743116,157.808326342719,194.068527434239,-1.56881580382494,-149.32230647914,132.29924647572,-1.8430482234788,152.354848127116
-179.348403653288,1.6709789999678,-155.578012570996,-238.075978131532,-2.93421414139227,160.548632981211,200.648767204528,6.14974356077858,-150.00589272656,182.207694309194,-2.39128876061554,157.512813638911,193.09547853792,-1.25007020441786,-149.188282272077,131.46412647876,-1.56247504951803,152.250126541538
-179.419966941205,1.72117861117894,-155.587116774286,-239.030962961294,-3.19752488743398,160.847198863573,199.763476928306,6.3394905464652,-150.172883218586,183.489171689638,-2.39304353010541,157.189567823027,192.190441912776,-0.926539304688412,-149.10583759321,130.825927143306,-1.30794796621918,152.121250239426
-179.456495374936,1.73013203529584,-155.583950444781,-239.483692640442,-3.55564692309238,161.1269610928,198.856908724435,6.48755263754029,-150.374789900616,184.80193881593,-2.4123337014503,156.847828323532,191.353006730041,-0.603800850424348,-149.066056081618,130.400243707095,-1.0673709872052,151.983214444397
-179.466773978032,1.70485490171823,-155.573632188427,-239.4557766236,-3.99383769709192,161.377878970177,197.933032633878,6.5934476566441,-150.603076587538,186.143601973994,-2.44681474971088,156.494561181259,190.58114234492,-0.28655689651809,-149.060953277082,130.200072324895,-0.829015976776678,151.849409816753
-179.457569102194,1.65194601148856,-155.559098725645,-238.975942402738,-4.49057836022306,161.586352572765,196.996454094749,6.65611648439192,-150.844022410917,187.511943865758,-2.49370565255941,156.134824064291,189.871012487773,0.0217416933488,-149.081815298091,130.234588768382,-0.584845039787038,151.730772832459
-179.434432135701,1.57759231660379,-155.542274650378,-238.078125710975,-5.02014995693753,161.738698120295,196.052287322047,6.67520665027775,-151.082266917101,188.904851862176,-2.5508153721519,155.773782000584,189.217164137934,0.319062346116841,-149.119390576909,130.508728097599,-0.331683935182271,151.63526857964
-179.402009975501,1.48766834950321,-155.524489039054,-236.798923573103,-5.55449133536949,161.823569267352,195.105817586032,6.65204746780497,-151.304588027425,190.319291631382,-2.61758299020431,155.416666055687,188.613044989505,0.604462858120664,-149.165372602466,131.024521364979,-0.0717628640984387,151.567414048799
-179.364200234916,1.38758148210075,-155.506677764012,-235.175342117198,-6.06475645444265,161.833563263502,194.161961967966,6.58999637211044,-151.501725222874,191.750175141205,-2.69381414522415,155.067137820913,188.05155920038,0.877651694874591,-149.213790053528,131.782430959458,0.18745784746311,151.527569294019
-179.324212315197,1.28224725867915,-155.489493237681,-233.243136769205,-6.52286904696015,161.766344460274,193.224729909923,6.49412643855988,-151.668499968929,193.190130299094,-2.77788606393161,154.726831065283,187.525471509802,1.13867982595492,-149.261321361728,132.781462082794,0.434590706417136,151.511629689642
-179.284579578944,1.17618104943911,-155.473391177376,-231.036479909926,-6.90353382806002,161.625697152165,192.297037366473,6.37071170473586,-151.802962515124,194.630276160679,-2.86669372920859,154.396193202558,187.027734119552,1.38772327892779,-149.306385053396,134.018803918063,0.656678809593075,151.512139294936
-179.247266488969,1.0731625370494,-155.458690678246,-228.589881984434,-7.18641903381163,161.422042692685,191.380955998067,6.2267759811682,-151.905588758282,196.06111166395,-2.95661191981024,154.07597865566,186.551710708551,1.62488200183177,-149.348026678247,135.489702835713,0.841678401830138,151.520057929393
-179.213769056563,0.976197065998724,-155.44556270847,-225.940317950571,-7.35695121562518,161.170788018923,190.477996848627,6.06954853574874,-151.979155737284,197.472604459037,-3.04435426230965,153.768680364332,186.091255633575,1.85051302405663,-149.385523419115,137.187320036872,0.980088297107471,151.52592767397
-179.185161328121,0.887636668803095,-155.434050251153,-223.126605759847,-7.40629324546494,160.889137835898,189.589122599944,5.90588119102844,-152.028690780227,198.853448762192,-3.12754679862377,153.478611136684,185.640552028438,2.06526954581944,-149.418591574856,139.102858365751,1.06612480115816,151.521112399245
-179.162135369553,0.808801542034426,-155.424123041124,-220.186344094129,-7.33162265877916,160.593818597844,188.714818793568,5.74183863919691,-152.060859645298,200.191393369924,-3.20513250418466,153.210923498663,185.193952329856,2.26960291997806,-149.447766539672,141.22598547585,1.0995366180592,151.499701672473
-179.145136795845,0.74007133779873,-155.415718507659,-217.152617157143,-7.13459647529502,160.293919351901,187.855404705246,5.58256639740741,-152.082857139998,201.474837847973,-3.27778056418551,152.971496483054,184.745733994376,2.46365347092992,-149.473979183245,143.54444550795,1.08657226535972,151.460285512812
-179.134530957601,0.681569373360801,-155.408733801486,-214.05338783805,-6.82407817778561,160.004701879681,187.011182761524,5.4323510392331,-152.10094919649,202.693572372939,-3.34834145531493,152.767663166243,184.290241337335,2.64734600167204,-149.497200518313,146.043872430406,1.03766472777366,151.407214194224
-179.130577667002,0.633390713441681,-155.40302184836,-210.913489569201,-6.41289679806383,159.734777671767,186.182376099839,5.29467756690108,-152.119425255562,203.838395408448,-3.42193436100018,152.608484523122,183.822705329473,2.82095523535845,-149.515965104194,148.708635082162,0.963776478617758,151.350144710739
-179.133432565409,0.595266530054115,-155.398422547309,-207.756291389527,-5.9164255628021,159.490654935866,185.369028538711,5.17225278607714,-152.140547384459,204.900425629342,-3.50536471085011,152.50396403656,183.33922926145,2.98558541517035,-149.528405999708,151.522515420716,0.874122205567819,151.301081982055
-179.143209291899,0.566743428022253,-155.394775242844,-204.602588949366,-5.34855191270319,159.274695805917,184.570999069679,5.06698086704392,-152.165045642524,205.871475443466,-3.60598905234237,152.463116016313,182.836451146759,3.1427721387376,-149.533294835383,154.468903351166,0.775355953906771,151.271510442132
-179.160006473236,0.547391579476757,-155.391907256351,-201.467272229576,-4.71978376892701,159.08554157661,183.788006913505,4.98000031532581,-152.193228796588,206.745681374291,-3.73026685572801,152.491295998572,182.311389115842,3.29402588727353,-149.529918338194,157.530608661976,0.672171996392689,151.271499088747
-179.18398834532,0.536348188625111,-155.389649606909,-198.357001827994,-4.03946565396215,158.92017200459,183.019575132311,4.91182157464931,-152.226226095617,207.520068182061,-3.88215285461784,152.587888577284,181.761268984338,3.44072082536862,-149.517625093857,160.689655846911,0.567792626743889,151.310208601296
-179.215387019019,0.532324000658403,-155.387857384301,-195.271781609445,-3.319948824629,158.775748326563,182.265102741353,4.86239124212371,-152.266158140516,208.193723657811,-4.06163275451601,152.746037518862,181.183892472355,3.5839779406338,-149.495823049478,163.927514498706,0.462801441512637,151.396594659435
-179.254423939919,0.534167084045519,-155.386387947049,-192.209884472583,-2.57756669736013,158.649579030729,181.523926852646,4.83108444308482,-152.316066060121,208.767544951646,-4.26452183223104,152.955365177418,180.5777773897,3.72458633952368,-149.464447604139,167.225681092393,0.354114589471507,151.539206949717
-179.301304515538,0.540838964829761,-155.385095601413,-189.173388624268,-1.82847392131552,158.537678851818,180.795035818295,4.8166640411037,-152.380013391988,209.244839320297,-4.48474721476445,153.206912748377,179.942148695235,3.86296541077758,-149.424718333882,170.566386971775,0.23561188648352,151.745415754441
-179.356190421393,0.551339103637683,-155.383823571859,-186.173912697559,-1.08288565357105,158.431462185722,180.076876121096,4.81721749471622,-152.462631158792,209.631922840781,-4.71743740925236,153.496882018342,179.277253816646,3.99912101237646,-149.379361905236,173.932020890494,0.0991773818147241,152.02151079505
-179.41912067201,0.564938979088946,-155.382427451785,-183.232024352982,-0.349834007412575,158.346051054812,179.367474488741,4.83008994902229,-152.568542155911,209.93849341018,-4.95994190508658,153.825380355311,178.584250554142,4.13279881962038,-149.332278374801,177.303627761207,-0.0638642639315995,152.372861876422
-179.489891068786,0.58107124494674,-155.380772289159,-180.388920296517,0.373724391819239,158.260367748973,178.664473040707,4.8519098453891,-152.701949431935,210.177144867486,-5.20998078941415,154.190075804489,177.86478800631,4.26389602697378,-149.287997016209,180.660542299001,-0.261514136396325,152.802971871075
-179.567966708893,0.599373910865586,-155.37857144732,-177.689222604762,1.08894341755329,158.178213331925,177.965138529573,4.87879898982028,-152.866008812264,210.362076369249,-5.46293543349975,154.579222915355,177.120887202076,4.3926053798785,-149.251021226882,183.98037011777,-0.503126694465776,153.312985423578
-179.652708767644,0.619888547508329,-155.37517724789,-175.176651535878,1.80177097899215,158.102452223207,177.266577783557,4.90685795732113,-153.0618051777,210.508497810387,-5.71283409395605,154.970477827489,176.35498317277,4.51927571380604,-149.224873652262,187.237263209596,-0.800859467092317,153.899425587593
-179.743899719945,0.642971634924699,-155.369560335589,-172.881032595935,2.52595177369311,158.035227520961,176.566140812651,4.93276102505979,-153.287692549575,210.631304981366,-5.95733206539762,155.338166079738,175.569938999842,4.64475121660498,-149.211074207466,190.398268404972,-1.16692973222992,154.550283987141
-179.842990192869,0.669018882033971,-155.360851066341,-170.813641115085,3.27658623451969,157.974970444548,175.861905011939,4.95403674529106,-153.539711169292,210.740969949299,-6.20054239695008,155.665128514204,174.76874516686,4.77049287404129,-149.209509010009,193.42036212378,-1.60891651375978,155.246059529281
-179.957505477811,0.697416783593849,-155.349746567045,-168.981153005519,4.05030232859702,157.91331320504,175.153004272527,4.96885534202744,-153.812562226507,210.84029447789,-6.45108197513025,155.949789074347,173.953899639227,4.8980571357249,-149.220004841267,196.253119472628,-2.12422030703459,155.965381662783
-180.10412741895,0.726140473291599,-155.339139064497,-167.396131434536,4.82092804936269,157.835605664317,174.439741881741,4.97583700530961,-154.100417186658,210.924664062293,-6.71818045051764,156.20283664053,173.126815339242,5.02871260676435,-149.243055994225,198.846363969597,-2.70039764121922,156.68929144511
-180.302660536154,0.755035929042166,-155.332302459865,-166.070715588406,5.55722696361537,157.72691161811,173.723909550095,4.97452365645486,-154.397528444041,210.982870836112,-7.00537617931509,156.440450998328,172.287334828577,5.16318305618946,-149.278948894634,201.155425335861,-3.31980599760824,157.403573955271
-180.569518575393,0.789294111275711,-155.331271174593,-165.010587790271,6.23444821904957,157.578985817499,173.009124778992,4.96591913117734,-154.699219908332,210.997786389661,-7.30426925600003,156.679773318255,171.433415845369,5.30159562335327,-149.326729614741,203.143664791433,-3.96073385865152,158.099520449503
-180.919877680394,0.838671732826632,-155.337580951736,-164.214656630293,6.83284792171366,157.397032302181,172.300564611142,4.95227241394153,-155.00341975177,210.949825396943,-7.59667378030763,156.931930163489,170.561050218355,5.44380905642635,-149.384815431732,204.785912170223,-4.59867230469808,158.768529324932
-181.376204449892,0.912086098142358,-155.353224755124,-163.713019612469,7.34820511880962,157.147580597777,171.604384364758,4.93617983474764,-155.312242345968,210.822413947598,-7.86226800719398,157.194513170528,169.664479811686,5.58960153263622,-149.453302397017,206.070931187941,-5.20660226738979,159.394184870988
-181.957143346334,1.02603783342832,-155.381193865071,-163.479124552711,7.74036349945857,156.915319008326,170.927034920528,4.91951829705962,-155.63290490311,210.605350196657,-8.08280667522522,157.450823767341,168.736849485829,5.73841360929136,-149.53640049781,207.00189565787,-5.75353499822021,159.948887683952
-182.686158469037,1.19425284301334,-155.42453002688,-163.526190775299,7.97385191818946,156.722519960239,170.274650545071,4.9027250444741,-155.977102265916,210.295370369444,-8.24376971536728,157.673774928517,167.770978739843,5.8889177623859,-149.643201138587,207.596806317437,-6.20876947270511,160.394332387221
-183.587139119491,1.42980588416363,-155.486456001616,-163.860199370034,8.00886968557139,156.564387253064,169.653040957523,4.8844279657689,-156.358633984378,209.897246062806,-8.33746255322874,157.830332367471,166.759933559256,6.03862130172135,-149.786233211123,207.887323030731,-6.55189865799644,160.685215585896
-184.686323912211,1.74344441971646,-155.571305306414,-164.461102951744,7.80812351315642,156.416244307875,169.068066898245,4.86136307356833,-156.789891926168,209.426292532211,-8.3680358710154,157.888395408041,165.697434014325,6.18386514673019,-149.978669839061,207.91173123627,-6.78282784074449,160.782474542864
-186.013593997299,2.14197895151882,-155.685953146381,-165.283957644272,7.36238622319367,156.265933142238,168.526162320462,4.82869814331663,-157.278435950245,208.907381088418,-8.35171747015901,157.824867938692,164.578293157274,6.32009710883131,-150.231575617597,207.706686829882,-6.91953484173172,160.681081410853
-187.601014610044,2.62574691275281,-155.840286834775,-166.276056124297,6.7082493859441,156.120317908085,168.035260618175,4.78090716100966,-157.82551947161,208.365361932608,-8.30492535479548,157.632361250358,163.399132119534,6.44182941137644,-150.551843801611,207.301280004261,-6.97741005460514,160.418639011386
-189.48061152204,3.18549878738523,-156.04700149312,-167.38335242912,5.90735261197592,155.987997675969,167.605528442272,4.71313013427763,-158.42685996429,207.815818620793,-8.23473917159397,157.322448909402,162.159073484141,6.54235214139258,-150.940968673265,206.714216141394,-6.96257934336075,160.041853191891
-191.681936047825,3.80326411514784,-156.322577117153,-168.554034832334,5.02298534160582,155.875294784656,167.248945587692,4.62201136771984,-159.073944581665,207.267395819855,-8.14470461944657,156.917064192683,160.860147594393,6.61406320626931,-151.394832629973,205.959888770517,-6.88512556341367,159.579578774967
-194.228053699618,4.45662059516168,-156.688064149982,-169.743152982396,4.11023554154609,155.787411651216,166.977702463171,4.50523107538354,-159.754622923576,206.725216149705,-8.04188456244867,156.438703261687,159.507466112836,6.65047891906352,-151.904219055775,205.056920760694,-6.75441213228533,159.044466910266
-197.131649600932,5.12199069411763,-157.167519787408,-170.912780051672,3.21042740008386,155.725764314232,166.802344256034,4.36109610225256,-160.453146456515,206.189227444989,-7.93632580233673,155.913105911689,158.1089331975,6.6484560324038,-152.456481673854,204.031156721162,-6.56818490442751,158.436151627034
-200.393028036042,5.77393013781488,-157.783310051756,-172.032654233501,2.35057310146156,155.688380222718,166.730951226824,4.1891645835148,-161.151128163331,205.652506419314,-7.83828553719445,155.371519515082,156.673978423105,6.60817406091534,-153.037962661708,202.913056642753,-6.32396913422676,157.746509270439
-203.997217046201,6.37962971689751,-158.547514647852,-173.080212675915,1.54656317536289,155.671280214673,166.769049775825,3.99068901687115,-161.829985338797,205.102177193321,-7.75620993881053,154.843346185947,155.212521521468,6.5320433774876,-153.635391712871,201.731187829264,-6.03587309162276,156.974226921583
-207.909497485239,6.89943545898543,-159.455293912976,-174.039707462127,0.807390633954353,155.669934432985,166.919296025598,3.76896400767547,-162.47266279979,204.525811271617,-7.69496226543949,154.346594344943,153.735116493281,6.4239377626589,-154.23558189066,200.507797315426,-5.73229314050751,156.137596653591
-212.065442650439,7.29991325442677,-160.483240887733,-174.901389139615,0.137907294545203,155.680056628379,167.180869872743,3.52963060091751,-163.063464302811,203.915676834793,-7.65475106423746,153.887308223558,152.252627153632,6.28832016373188,-154.824496559704,199.259318934752,-5.44389831476949,155.274763720256
-216.357749994446,7.5614312348922,-161.588699182245,-175.6608664149,-0.45993895283018,155.697829024415,167.549040854657,3.28012230514852,-163.587685377109,203.267608776398,-7.63260113442307,153.467208236402,150.77527495669,6.13027159489674,-155.387551432978,198.000005434059,-5.19523867359155,154.430891166204
-220.637832333691,7.67080783196048,-162.701508455103,-176.318295831344,-0.985881230490867,155.720018891304,168.016322568159,3.02885654920062,-164.032508083296,202.580713655297,-7.62494711528336,153.090176094878,149.312583993577,5.95572169106956,-155.911234548374,196.745961266021,-4.99710145187677,153.641994983852
-224.749184886404,7.62610751932841,-163.730158734132,-176.877334620703,-1.44031027250949,155.744061840335,168.574567243161,2.78427230566701,-164.388840356546,201.857481619216,-7.62815882237917,152.763165512945,147.874586168654,5.77037915155084,-156.385443585817,195.514947207731,-4.84662648590561,152.923942346985
-228.570183393068,7.45195991031035,-164.597099577276,-177.344169238666,-1.82420765353887,155.767989982722,169.215512395656,2.55342455548439,-164.653055874964,201.102904285326,-7.63681202913897,152.492340288133,146.473833777246,5.57848853268336,-156.804626952149,194.323428714206,-4.73613512030206,152.2718429956
-232.020093760374,7.19599705549517,-165.25813644703,-177.72674984673,-2.13988741959468,155.790267539628,169.930676014341,2.34133132936232,-164.827232797482,200.322799549485,-7.64312848553939,152.278817405789,145.12677658783,5.38251872654304,-157.167938119498,193.184923525678,-4.65955996651936,151.671208277318
-235.040757215396,6.90970696157777,-165.699597939313,-178.03404162409,-2.39162687291298,155.809734030427,170.712621837095,2.15157246851494,-164.917025553699,199.521696816649,-7.63952378569403,152.118282919178,143.853685537152,5.18193161040484,-157.480600640999,192.109399215489,-4.61376261001852,151.111498102658
-237.599129269461,6.65759105692514,-166.091990407962,-178.328526468642,-2.4211567596764,156.057734411228,171.555956774491,1.98645613386107,-164.929422120266,198.702010209547,-7.62146203370895,152.005074582373,142.677646972297,4.97231164925157,-157.752871671588,191.103530858,-4.59738235888201,150.592600895338
-239.647951900704,6.44678706778338,-166.295985012828,-178.524557546182,-2.5178469416939,156.133422627074,172.456668691551,1.84648017504423,-164.871256448148,197.864717921504,-7.58760511885855,151.935099795359,141.622684150362,4.74881179890078,-157.995088534353,190.170537479764,-4.6094971143583,150.122809980332
-241.164662933974,6.29505255852467,-166.31711196085,-178.662011298455,-2.60402043799213,156.161348876632,173.411518455404,1.73054336852754,-164.748631961024,197.010699604647,-7.53791631058868,151.903973219552,140.712025774984,4.50969374401921,-158.214130191893,189.310602155178,-4.64773027244022,149.711608790551
-242.143634762755,6.21731432000099,-166.188137573399,-178.756559342907,-2.66407997629924,156.17484788714,174.418175662532,1.63694346105337,-164.568364792785,196.141866493085,-7.47202973133628,151.904866252921,139.96708636704,4.25619666493844,-158.414370113231,188.522867826821,-4.70745351158439,149.362413722864
-242.591418537586,6.22092824930145,-165.931999545482,-178.817197097093,-2.70099237650214,156.180206590772,175.47512209753,1.56408446796322,-164.338742176253,195.261337822935,-7.38919207889032,151.928676487569,139.40718434414,3.99124872082433,-158.599019399296,187.805889665816,-4.78362446150121,149.071082936133
-242.52376413839,6.3058544053083,-165.562577994697,-178.851435318322,-2.7194697718841,156.179945653995,176.581539484355,1.51050859392773,-164.068687878229,194.37288688658,-7.28910364203164,151.965374650704,139.049888402729,3.718458609924,-158.769371021422,187.156464451896,-4.87190239215168,148.830469693445
-241.962600710002,6.46519208537963,-165.087965857311,-178.86581012501,-2.72373358270218,156.175435357829,177.737579166872,1.47434292291934,-163.767475688454,193.48013100283,-7.17236042650457,152.006060595856,138.910920974892,3.44143824461687,-158.925147412185,186.569290878563,-4.96851007040323,148.635202738378
-240.933059247981,6.68517964083347,-164.512804925666,-178.865951417655,-2.71707568430372,156.167594169842,178.943880495204,1.45289331775696,-163.444445859446,192.586198879607,-7.04038874631247,152.044651606984,139.003572808278,3.16360497804854,-159.066084181917,186.037541900143,-5.06998758641516,148.482810465549
-239.462073152854,6.94492589752336,-163.838738642933,-178.856594685357,-2.70206825444827,156.157100090538,180.199783542888,1.44282225455915,-163.107565808404,191.694380993721,-6.8952162900625,152.077860191712,139.338060213583,2.88771749808506,-159.192119445833,185.553571976913,-5.17297169675073,148.371469990305
-237.57988950668,7.21658564804178,-163.064476357389,-178.841580832027,-2.68069455825141,156.144508522587,181.501931205217,1.44017007082652,-162.762008672013,190.808673450319,-6.7393050909622,152.103855631726,139.921125112571,2.61529096247692,-159.303141441708,185.109222263355,-5.27455192813797,148.297891131305
-235.323300561597,7.46690887391828,-162.187919971672,-178.823881867328,-2.65440257593265,156.13032630926,182.844639638076,1.44074031428247,-162.409842101883,189.933134160578,-6.57573566036693,152.121734593936,140.755984685472,2.34692205360719,-159.399709009141,184.695839031426,-5.37262688152036,148.257341045385
-232.737894919435,7.6602512768674,-161.210827787823,-178.805769695989,-2.6242954124364,156.114994679465,184.221573398227,1.44099950835761,-162.050813416606,189.071125440763,-6.40824244055683,152.132937186531,141.842256545982,2.08238853133494,-159.483549892665,184.304412216363,-5.46599465401801,148.244930590687
-229.87682296222,7.76184130618995,-160.143425396527,-178.789027460692,-2.59144174072775,156.09882488879,185.627370952196,1.4379997732659,-161.683707618925,188.225321340524,-6.24055331446971,152.142396139469,143.175952201853,1.82040587028071,-159.557718105916,183.925750789676,-5.55424580058615,148.256889148211
-226.796594026387,7.74037999338846,-159.006967681962,-178.77506274148,-2.5568947231592,156.081979533495,187.057706927688,1.42874824073002,-161.307598947574,187.397916986841,-6.07576335066673,152.157383504288,144.749923642794,1.55953233029719,-159.625465980608,183.550821883281,-5.63721293738334,148.290578450888
-223.553473102672,7.57048272013919,-157.833330546868,-178.76495305908,-2.52149135276182,156.064531530576,188.508202158102,1.41040492574357,-160.923235102093,186.590737561807,-5.91607884534002,152.185608981566,146.554295140217,1.299826424271,-159.687653082457,183.171310881169,-5.71452122225928,148.344122669471
-220.202268863133,7.23494498058078,-156.660948065294,-178.759504667063,-2.48599880435445,156.04645371349,189.973935345171,1.38058641544171,-160.533539275803,185.805195398622,-5.76272229836238,152.234046115653,148.57649844148,1.04344010378474,-159.740948672991,182.779888450471,-5.78543092777614,148.416619424775
-216.795603784476,6.72485701659076,-155.529448311223,-178.758942577467,-2.45082979231445,156.027784565536,191.449574894093,1.33729390885874,-160.142445430021,185.042188689453,-5.6161688049305,152.308213659432,150.80167811208,0.793392843723674,-159.778336795651,182.370083496432,-5.84905370197095,148.507458512673
-213.379209726562,6.04025994762445,-154.475894762183,-178.762738461989,-2.41508602107399,156.008987493376,192.929008509522,1.27907230149735,-159.754065568596,184.302189588653,-5.47652861791088,152.411556565237,153.213527537802,0.551788848683213,-159.79228080773,181.936269283748,-5.90490172326131,148.614754380092
-209.986045145835,5.19166666897362,-153.531391052317,-178.77031603378,-2.37749466355066,155.990711847303,194.404703651342,1.20525832935134,-159.372320152788,183.585350382474,-5.34386098968432,152.545017133226,155.794462105546,0.31850534588761,-159.777375469836,181.473868527628,-5.95257937615435,148.735183118221
-206.635932872521,4.19858883053219,-152.718231763454,-178.78127155966,-2.33813196567932,155.973385521575,195.867667687797,1.11623056649394,-159.00024192232,182.89142146294,-5.21839652277567,152.707348475507,158.525277859895,0.0912166680469016,-159.730311889304,180.979536363856,-5.9910046121097,148.86530968102
-203.338365614194,3.08719798620174,-152.048245279541,-178.79538810221,-2.29831340787307,155.957174618192,197.307480740173,1.01342798069928,-158.639951253472,182.219595867226,-5.1004239961752,152.896340269042,161.385478959899,-0.133202872387584,-159.649423759337,180.450888215345,-6.01909720197299,149.002587371701
-200.097110418651,1.88628050624429,-151.521930639077,-178.813118252788,-2.25937958505683,155.94200042269,198.711887104095,0.89890863632239,-158.293532155772,181.568496605791,-4.98982098519457,153.110188086995,164.354350620261,-0.357665221977934,-159.535834092288,179.886147436981,-6.03655168649798,149.145324415498
-196.914934562584,0.620833461992644,-151.130007771052,-178.835320794278,-2.22226866634527,155.927594125538,200.066742737126,0.77482667794988,-157.964414184802,180.936452088117,-4.88576598656111,153.348001569836,167.411747919418,-0.584949287959801,-159.395742228733,179.284373959619,-6.04338691593818,149.292333172314
-193.793632840606,-0.691486317846816,-150.857758297994,-178.862774259794,-2.18802306951499,155.913540814616,201.357220397152,0.642981204596447,-157.65788262957,180.321786909085,-4.78699811534585,153.609184522959,170.538393578429,-0.8180120040682,-159.24136414341,178.645382649793,-6.03964790241258,149.44280640931
-190.731792679893,-2.03754020666427,-150.690346447453,-178.896053406807,-2.15718373344304,155.899433889631,202.570174276851,0.504389227835182,-157.380003488678,179.72283526206,-4.69218721735671,153.892558895397,173.716146934515,-1.05978823780804,-159.08914799832,177.969128411669,-6.02568909406987,149.595984131365
-187.7262856516,-3.4029577581774,-150.616094840688,-178.935471534297,-2.12974961383048,155.88496104109,203.696637048301,0.359547748055063,-157.137468044697,179.137798291863,-4.60007875528988,154.196140963531,176.928097679968,-1.3121081191085,-158.957568427045,177.255586393977,-6.00237875909701,149.750644748063
-184.77870566764,-4.77193936208492,-150.626845050835,-178.98110231843,-2.10572703320544,155.869917581745,204.732836723196,0.209031542491923,-156.938763816727,178.564615449739,-4.50963743867098,154.517186393782,180.158259411913,-1.57322835703916,-158.86645927068,176.505309725294,-5.97094170936052,149.904831557124
-181.903416643016,-6.13301524532884,-150.717297068244,-179.032847191863,-2.08510072204956,155.854221365711,205.679146428012,0.0527184414257266,-156.793556041379,178.000920982351,-4.4200149541309,154.85231261995,183.390366700333,-1.83528550224983,-158.835567304729,175.719779111023,-5.93300976888682,150.056214297958
-179.129312260158,-7.48194470167346,-150.88374027142,-179.09043084942,-2.06773564807468,155.83784570464,206.538559318786,-0.111099983146802,-156.709854229633,177.443904443878,-4.33025486767972,155.198146547595,186.606337282251,-2.08449805951773,-158.879633456651,174.901023161765,-5.89068276786796,150.203055163921
-176.492419132711,-8.82184087822038,-151.122493098698,-179.153282872728,-2.05281652432559,155.820916582308,207.316206903718,-0.284503539410217,-156.69082580186,176.890171642209,-4.23896406721602,155.551921215323,189.785325062906,-2.30408622824524,-159.002909793259,174.051207670803,-5.84616298523068,150.345140509304
-174.028486927387,-10.1633273625338,-151.430427539164,-179.220525307051,-2.03860139095051,155.803928373983,208.019640641973,-0.467557738647784,-156.73215475311,176.335979243426,-4.14385933011261,155.911496623899,192.902393923525,-2.47786136497502,-159.197987979969,173.172524893648,-5.80119884202816,150.484559341139
-171.769506473012,-11.515667906159,-151.805717987699,-179.291549460446,-2.02277520326105,155.787936625382,208.658123956826,-0.655982967561496,-156.822048012568,175.777750564383,-4.04164701593959,156.274677498217,195.927047510149,-2.59385534168997,-159.448923375134,172.267082736285,-5.75584713365978,150.625531887496
-169.741855507531,-12.8694525277817,-152.243793570539,-179.368055621806,-2.00271460293458,155.77452730343,209.239848205371,-0.839602005020023,-156.946406376146,175.212851489003,-3.92917995686005,156.637633936774,198.823388662299,-2.64702694055838,-159.737237083406,171.337250474231,-5.70846637024034,150.771391876517
-167.967605411507,-14.1881035654046,-152.730033492139,-179.457619648174,-1.97542861960925,155.765743778804,209.768564143058,-1.00349370349269,-157.095690734248,174.640295075773,-3.80504469907349,156.993986556101,201.552575585456,-2.63899599116632,-160.048754058045,170.386117994721,-5.65792404055279,150.920203310061
-166.467064279013,-15.4173602304928,-153.236285681797,-179.574302373356,-1.93834739799635,155.763781078738,210.242293560761,-1.13203790049655,-157.265593040174,174.060684565558,-3.66997045891249,157.335731255858,204.076151466212,-2.57492021444904,-160.375214553429,169.416783478597,-5.60430937535356,151.064673507266
-165.25989312373,-16.5010263064251,-153.724005449841,-179.733826434911,-1.89102190355307,155.769981805352,210.654784299718,-1.21352632827205,-157.451710325076,173.475733633525,-3.52633715159557,157.654941681427,206.358526901732,-2.46191113886376,-160.709367528367,168.43126044062,-5.5482003545037,151.196861047478
-164.364020532856,-17.3872786735743,-154.151950832539,-179.949787955319,-1.8360841299939,155.784430661592,210.997783651181,-1.24361880101307,-157.645385241433,172.888037073208,-3.37748652864051,157.945545703394,208.369113678415,-2.3105827017046,-161.040840911227,167.429986973777,-5.49037802507248,151.311836306765
-163.791767919064,-18.0337968156969,-154.482797840483,-180.233767319201,-1.77938914792108,155.806558890764,211.26253324557,-1.22623448761087,-157.832502172909,172.30134508677,-3.22710109803255,158.204636310157,210.084283021053,-2.13555103338886,-161.356017057118,166.41140450597,-5.43132472485166,151.408575519285
-163.598213661589,-18.4276674301428,-154.635592173251,-180.596439792685,-1.72747579022756,155.835548066875,211.440542472176,-1.17106455702977,-157.994128927148,171.721348133052,-3.07916594245229,158.432608071948,211.488292022714,-1.95418684805626,-161.638617950061,165.3715975848,-5.37101217949104,151.489437473456
-163.766749025697,-18.5315675393899,-154.669418728403,-181.049921034849,-1.69500827263319,155.870939047149,211.52400235506,-1.09023559045009,-158.109249334439,171.156554449617,-2.9386593079633,158.631847157573,212.573298959594,-1.7850930928034,-161.868767058214,164.304361852702,-5.30925101591808,151.558709033408
-164.277453420631,-18.3098423198407,-154.603997434113,-181.612277279045,-1.69572108637225,155.913474561385,211.50717085513,-0.995473770917269,-158.158082769826,170.619021791753,-2.81124285357815,158.805292088204,213.339618888384,-1.64316136686694,-162.022282386785,163.201621788694,-5.24592262715311,151.620938387409
-165.072552103607,-17.7314802971473,-154.468986942176,-182.311940950599,-1.74282867848039,155.965992980322,211.391016360386,-0.893623736093475,-158.123402996088,170.124810392019,-2.70147959072801,158.956357731705,213.797050214622,-1.52710028971336,-162.078324708938,162.054065249856,-5.18101063082161,151.679176315006
-166.084227654996,-16.8037824389025,-154.297147950532,-183.186527668136,-1.84706440798387,156.033019966034,211.18892176461,-0.782938659453046,-157.989004292133,169.693661851452,-2.61172453922526,159.088937938853,213.966490083002,-1.42240014711515,-162.031062293589,160.852508956255,-5.11397164351217,151.734219684793
-167.24176646249,-15.588306365125,-154.114634688117,-184.279213185361,-2.01630710745875,156.119776375384,210.924027702655,-0.656812441848578,-157.739483136008,169.347611154815,-2.54187891345283,159.207788461108,213.873870062016,-1.33670087601358,-161.878569572061,159.589326825891,-5.04361843086258,151.785975406341
-168.478882301334,-14.1654140020342,-153.938613571333,-185.635792762641,-2.25632154599022,156.232856251755,210.617961255763,-0.511459785690656,-157.368351992034,169.108718508554,-2.48863058512592,159.321094479315,213.540991726918,-1.30787445235958,-161.605790839297,158.25888199982,-4.96944934967826,151.836190465213
-169.740434731326,-12.6051910815749,-153.781021400533,-187.299982301892,-2.56990338648205,156.381358153162,210.284087979537,-0.346393137904573,-156.885255701611,168.996948002852,-2.44482718655694,159.442041532199,212.9884015584,-1.35889324492438,-161.201241507385,156.857701342304,-4.890819578941,151.892279814345
-170.982657538819,-10.9723437534041,-153.649900203754,-189.308370713349,-2.95299182886793,156.574478700894,209.928008269263,-0.158816868907157,-156.312470518806,169.028959357536,-2.40068360859655,159.585460028614,212.240965559157,-1.47579655521995,-160.678107298363,155.384858162682,-4.80348754783468,151.970091202566
-172.172279634754,-9.32659656183893,-153.549499285131,-191.686892590514,-3.39491418395925,156.817261863506,209.548590588838,0.0582363532657422,-155.682276377237,169.216210842932,-2.34577200083461,159.761868824012,211.327325615857,-1.63392682841804,-160.065039823149,153.842515735623,-4.69826116826697,152.091295122191
-173.285779959883,-7.7166749140115,-153.479920546188,-194.446651820452,-3.88509535921697,157.111298740736,209.13898776588,0.312317818931242,-155.035023460755,169.562837519733,-2.27137297673245,159.973683994483,210.277625068926,-1.8161983358072,-159.387635279875,152.236536215067,-4.56309561191573,152.276129351601
-174.307734392436,-6.18015706238122,-153.438245865468,-197.581780175972,-4.4133657609989,157.458502676391,208.690934586498,0.607011092388781,-154.408350912792,170.065132187779,-2.17349349546408,160.215255724139,209.122072366596,-2.0046066455412,-158.666377174357,150.576968327857,-4.38651255980654,152.536566579524
-175.229021365825,-4.74625275893397,-153.419944544856,-201.071375488058,-4.96234535939431,157.860777196711,208.200733380847,0.939009871915037,-153.825509357665,170.711547310668,-2.05393905312425,160.475032977941,207.891443808281,-2.17769629541083,-157.923916364041,148.878145058193,-4.1604214771655,152.873298604128
-176.045509096099,-3.43650014365712,-153.419762166857,-204.880191804407,-5.5028173019053,158.316039954814,207.670501314432,1.2987079553375,-153.294649356252,171.48390540087,-1.91924657824449,160.738207070905,206.615562968041,-2.32057849535534,-157.18531323473,147.15801905886,-3.88101059743719,153.276011895434
-176.757052643894,-2.26529194242479,-153.432374767741,-208.939747359633,-6.00397605191422,158.813753579858,207.104469283754,1.6742908797046,-152.817616755087,172.360588895644,-1.77942477963347,160.989318189679,205.319749342875,-2.42670509450028,-156.472797044168,145.436521827484,-3.54872797681383,153.725693035257
-177.366551761594,-1.24079404652893,-153.452929253045,-213.128141926834,-6.44146386704094,159.332725452295,206.505834947663,2.05534912252075,-152.397520137472,173.320174320305,-1.64562682903211,161.213474605067,204.023977506467,-2.49253290957257,-155.802811589223,143.733322841058,-3.16936554490431,154.198416035875
-177.879095843488,-0.365855865146549,-153.477394638408,-217.292315814085,-6.79102943925837,159.842599506058,205.876340800458,2.43295966817855,-152.039455870414,174.343902894137,-1.52706225992692,161.396413456283,202.744193168322,-2.515087975347,-155.186685211766,142.066487563828,-2.75367093589642,154.669007302076
-178.301353567568,0.361657239556196,-153.502672078568,-221.292384626394,-7.03998361492182,160.31456695073,205.217354946407,2.79861178597946,-151.74749347611,175.41647964953,-1.43010445541265,161.525501436076,201.492811276392,-2.4924846503377,-154.632395648718,140.452795631088,-2.31305044742345,155.11326023911
-178.641227804608,0.948925679785627,-153.526531717965,-225.024814769292,-7.20467484659469,160.736808609145,204.530818123925,3.14481614468789,-151.522921882497,176.526442767264,-1.35933145666778,161.591501671258,200.27874639652,-2.42503796050556,-154.146034179916,138.909260218633,-1.85870671269262,155.508967566254
-178.907515915564,1.40786110767975,-153.547467732241,-228.41582069983,-7.32010443387635,161.115707283241,203.819279283914,3.46605299536354,-151.364755062803,177.666105202898,-1.31816736268113,161.589000964949,199.108102874673,-2.31564836687895,-153.732207115689,137.454540483802,-1.4047078570934,155.838579220996
-179.284683503462,1.57654572717593,-153.864630282934,-231.419943813783,-7.44064068931746,161.589359298355,203.08533405316,3.75879046932027,-151.270405637601,178.830522201834,-1.3088402801132,161.515446372556,197.985586270887,-2.16995607463379,-153.393557941355,136.108666152355,-0.965326205966854,156.09145371658
-179.491618816359,1.763307715698,-153.979563217865,-233.98169034059,-7.5646662153001,162.028124343479,202.331243408747,4.02103337432488,-151.235751330799,180.016330788603,-1.33237139426062,161.370862335114,196.915744012006,-1.99586233242015,-153.129855044219,134.891879491561,-0.551714305827192,156.261792013455
-179.607989042837,1.91331219970302,-154.015875417957,-236.071452638212,-7.70613395254703,162.425724391572,201.55905499953,4.25172425052839,-151.25500232101,181.221094626967,-1.3887325095682,161.15844516936,195.902738893536,-1.80198203845241,-152.936919936008,133.82362199009,-0.173477276397205,156.347807070688
-179.676836684265,2.00515449440712,-154.033765958288,-237.676099088157,-7.87837864761617,162.78848525533,200.770841733793,4.45006773420626,-151.320383283635,182.443116497378,-1.47685660425964,160.884295075092,194.949470084016,-1.59649658379033,-152.806346192373,132.921948425393,0.161323521839004,156.354348355148
-179.710956779484,2.04639787671527,-154.042174039478,-238.795405112252,-8.09026687113826,163.122372346894,199.968737934344,4.61498892763222,-151.422018577837,183.681330728431,-1.5945483513146,160.555831283214,194.05724548706,-1.38653149649839,-152.726453099488,132.203650054742,0.449511986329313,156.29235377425
-179.719218770822,2.04611446461266,-154.044685398542,-239.438291940656,-8.34342778201643,163.428990354992,199.154928948313,4.74493719928177,-151.548303743804,184.935268043231,-1.73861993828055,160.18009842122,193.225847077682,-1.1774294806196,-152.684155988264,131.683601979198,0.694985118773924,156.174611868109
-179.708676602448,2.0127381333142,-154.043278455517,-239.620522783742,-8.63230671912283,163.704821953209,198.331627353696,4.83831358110704,-151.686878699454,186.205359875979,-1.90531536311818,159.762915292776,192.453790892743,-0.972585019557057,-152.667065400221,131.373490541539,0.906485839780774,156.013056544461
-179.685052472181,1.95357855347375,-154.039261262239,-239.364088446944,-8.94655837720002,163.944059553921,197.50107477242,4.89433011059873,-151.826101976342,187.492866165994,-2.09037268732154,159.308910689699,191.73839179012,-0.77386668304815,-152.665141471377,131.281553480946,1.09311178969187,155.818574053662
-179.652924403578,1.87504308603321,-154.033619925188,-238.696958776785,-9.27400210734419,164.143764013817,196.665677085477,4.91364947871672,-151.95630672566,188.799065109055,-2.28867235151307,158.821826018515,191.075511861672,-0.581606077334866,-152.671356781676,131.413237473516,1.26146549900338,155.601375673826
-179.615882831151,1.78290717103472,-154.027170832224,-237.649188157616,-9.59589470361777,164.282152993161,195.827983846177,4.89862752537465,-152.070480972274,190.12447464731,-2.49415050568919,158.304521803292,190.459761539948,-0.394541769086087,-152.681443747089,131.772013815397,1.41478903942328,155.370583163542
-179.576744913186,1.68257293827409,-154.020581256503,-236.256418478452,-9.89968107856468,164.368032634348,194.990434570972,4.85321615890473,-152.164274303086,191.46827492895,-2.70011329524122,157.759286334205,189.885279286438,-0.210944033908972,-152.693088111898,132.359905943597,1.55260488591162,155.132764061218
-179.537774298329,1.57908317442556,-154.014325253432,-234.55338620487,-10.1680305748817,164.394537483909,194.155233774708,4.78244025584437,-152.235360158613,192.827819810612,-2.89990978101377,157.188823893204,189.346246328909,-0.029917219461891,-152.704598860908,133.177620670184,1.67100221275943,154.890700133975
-179.500838681214,1.47674599814159,-154.0086697112,-232.574682735891,-10.3852670876493,164.359669929969,193.324525394028,4.69165447698652,-152.282871458988,194.19840517176,-3.08743189548164,156.597214671168,188.836871069708,0.148442215518349,-152.713923401293,134.224158823036,1.76424537368065,154.643672794368
-179.467481445345,1.37909577673598,-154.003704006097,-230.35330600205,-10.5384781264432,164.265550433471,192.500360323534,4.58610279695603,-152.307488031742,195.573334518817,-3.25725128249897,155.990523389755,188.351288079969,0.32349215622452,-152.719026626971,135.49632109046,1.82678985092946,154.389183458431
-179.438905273833,1.28885030077288,-153.999394474012,-227.920468244975,-10.6183455075169,164.118692780505,191.68434225093,4.47071412690225,-152.31143763864,196.943889011917,-3.40467042180912,155.377252923378,187.883738564468,0.494470822907466,-152.718581981446,136.9887932715,1.85487507127007,154.124947175887
-179.415934401425,1.20798296471433,-153.995633517782,-225.305925051603,-10.6188068340021,163.928769907367,190.877598458707,4.34986833775882,-152.297849678721,198.29886247621,-3.52568940804794,154.768230357832,187.428741986911,0.660740148387537,-152.711763658576,138.694503919847,1.84749781501724,153.849991035505
-179.399011333043,1.13794382147151,-153.992299853405,-222.538101192333,-10.5363680286763,163.706137338256,190.080946874857,4.227435192216,-152.269972937178,199.62479333234,-3.61738991624847,154.175683599967,186.981161045127,0.82206904526105,-152.697875974547,140.604691917824,1.80638992761051,153.564927554456
-179.388244330256,1.07956124202123,-153.989326086556,-219.644088699679,-10.3697361282236,163.459516790568,189.29484991845,4.10697040918983,-152.230584373211,200.907502135894,-3.67885281430048,153.612536465054,186.536398465413,0.978769692292129,-152.676589943693,142.709036912186,1.7357301236814,153.272691463122
-179.383505098573,1.03306760428631,-153.986714826782,-216.648776859945,-10.1198351285278,163.194945415621,188.519374802332,3.9917508759564,-152.181816344606,202.133350686303,-3.71168490142777,153.092379625072,186.090371943123,1.13127405249259,-152.648214184564,144.996197346266,1.64210235603113,152.979435197605
-179.384580807099,0.998106633370218,-153.984482411207,-213.57321593283,-9.7895273877422,162.916202072649,187.754399805842,3.88470346140493,-152.125426688551,203.289327401161,-3.72024266157652,152.629488494209,185.639300593998,1.27978661128526,-152.613132152283,147.454183397844,1.53356880412984,152.694230264692
-179.39128622073,0.973848589306356,-153.982618804801,-210.433482630421,-9.38307453586366,162.625646674871,186.999993650902,3.78816587963132,-152.063296548846,204.362749992487,-3.71208087927734,152.238511336645,185.179727631434,1.42440289974272,-152.57103099463,150.070569168666,1.41775016901866,152.427842725232
-179.403495799309,0.958528623855051,-153.981021414866,-207.240819496504,-8.90645239452008,162.32396661647,186.256609028197,3.70372859242517,-151.998084375346,205.341557600679,-3.69761841330106,151.933413561704,184.708478992897,1.56549565024767,-152.521400916236,152.832803533761,1.30029354682146,152.190959033091
-179.421178977796,0.949645226611362,-153.979464297558,-204.003853206748,-8.36677999782097,162.009378846069,185.524991728864,3.63251864096406,-151.934249806076,206.215184304051,-3.68852035112744,151.725329085857,184.222540670417,1.70386477354403,-152.4648469235,155.728275067452,1.18428443114791,151.993092240997
-179.444442697617,0.945586510794813,-153.977760710532,-200.732145057214,-7.77013644970845,161.678071703947,184.806018650486,3.57553251522094,-151.878803738309,206.975005902254,-3.69561932066868,151.620162579866,183.719005140328,1.84049841328456,-152.403523581823,158.744215738357,1.07079705825557,151.842962823501
-179.473556165095,0.945507654412127,-153.975782256848,-197.43849473593,-7.12058238058818,161.326108147298,184.10054278893,3.53347196561265,-151.840463449183,207.61442328716,-3.72678274022275,151.617389568222,183.194870964231,1.97637590972788,-152.340984334861,161.867508503,0.959759408926151,151.749908995565
-179.508881571147,0.948881265141642,-153.973342268065,-194.138511658846,-6.42050722901933,160.951801138775,183.40920501959,3.50646678836032,-151.827774891389,208.129959136662,-3.78549360152416,151.71132695847,182.646927474427,2.11215667503416,-152.282046036691,165.084678116692,0.849218641782481,151.725731135634
-179.550756157011,0.955884208040869,-153.970197696384,-190.848165134542,-5.67036977135726,160.55725980584,182.732210024325,3.49423570703021,-151.847556168416,208.522963527473,-3.87157426424182,151.894398267021,182.071947342993,2.24794213577338,-152.231650469539,168.382354474556,0.734319514149346,151.784352873006
-179.599363241778,0.967124384881858,-153.966102195484,-187.582398710991,-4.86912241464736,160.1488276524,182.069215755152,3.49626515309616,-151.904257962651,208.800498044812,-3.98378205839735,152.159140724257,181.467252597419,2.38336505499914,-152.193188958853,171.746701498555,0.607252961858125,151.938715512064
-179.654654936658,0.983258814709303,-153.960880115736,-184.356806683181,-4.01721202708476,159.736330825409,181.418953674585,3.51157361311015,-152.000243926859,208.975236391947,-4.12161632100686,152.497149215168,180.831357525665,2.51768569185753,-152.168054026405,175.1613974895,0.457139373729733,152.197549906165
-179.716384519308,1.00492514347953,-153.954473289298,-181.188823407151,-3.11800579069899,159.330697199995,180.778769177242,3.53847932562412,-152.136108298468,209.065189294168,-4.28360502544635,152.896828429978,180.164175343834,2.64982777058511,-152.156191537094,178.606601845636,0.271122776565978,152.562555044223
-179.784069773006,1.03291562135234,-153.946897081942,-178.095447860459,-2.17470849445423,158.941695451579,180.144934102185,3.574793195152,-152.310577914044,209.092620397278,-4.46325724189865,153.341897765845,179.466759527965,2.7785124494103,-152.156566722999,182.058960084103,0.0367966202104321,153.026471501293
-179.857012664365,1.06791211117465,-153.93809721897,-175.092621942978,-1.18976654766507,158.577553891752,179.513242634183,3.61818734558527,-152.520622434006,209.081589996908,-4.64801041619632,153.811212894199,178.740873089933,2.90250442750104,-152.167239287846,185.490344740439,-0.256242472718492,153.572974468979
-179.934470766383,1.10997609736681,-153.927826583018,-172.200882956775,-0.169839655508746,158.244495599188,178.879477561997,3.66637789050617,-152.761883466942,209.056717689035,-4.82476187898771,154.278328171713,177.988817711275,3.02108182640856,-152.185180043909,188.864749911388,-0.615359429631145,154.178769919329
-180.015784263126,1.15832955466215,-153.915496384863,-169.45199671996,0.871996670331349,157.945355150974,178.239908307313,3.71709053960368,-153.028867636372,209.041720057393,-4.98747389776828,154.713254018075,177.213436196881,3.1346214458877,-152.206356381036,192.136053578203,-1.04301900717722,154.818112184028
-180.100675403745,1.21105972467245,-153.900169784427,-166.888782999987,1.91940693319089,157.681025222189,177.591530495528,3.76793048566006,-153.314617551488,209.054791412538,-5.14041618118891,155.091755251168,176.417850377893,3.24445321648033,-152.226504416027,195.250430689585,-1.53351678691575,155.46726273426
-180.190470823499,1.26528197637604,-153.881220346014,-164.556724154406,2.95266679468147,157.452841221589,176.932129532359,3.81643377179332,-153.610445186625,209.105060327284,-5.29603988964914,155.402795535114,175.605129939574,3.35210797481839,-152.242068113166,198.152498606325,-2.07171358159718,156.1074551449
-180.292191317337,1.3173073490888,-153.859682085782,-162.49401485852,3.94540686574824,157.258275942255,176.260692956879,3.86046884826878,-153.906744253188,209.191773704953,-5.46671516281435,155.646010344282,174.777905513566,3.45880109976208,-152.250409926552,200.791729853068,-2.63637074317533,156.725178397673
-180.421098367773,1.36333314627342,-153.838560028786,-160.724011706971,4.86459172636568,157.105081892593,175.578192369261,3.89869904932306,-154.194833329179,209.302431473971,-5.65340745364237,155.828479685742,173.937783397428,3.56530775147006,-152.249354622068,203.127997083481,-3.20446955866245,157.309317699583
-180.595767219859,1.40211283694788,-153.821065652473,-159.275953364977,5.68539491825268,156.990390900249,174.888038688072,3.93082599968833,-154.469109430838,209.411920082494,-5.84310557176392,155.962736388372,173.084830109138,3.67230887717387,-152.237011093047,205.135645008771,-3.75406837891664,157.848159193895
-180.83317196763,1.43660898423832,-153.809463433189,-158.172319484784,6.3858043323201,156.926273609219,174.195556145928,3.95736536546705,-154.728861000172,209.489726258009,-6.01931967106416,156.059588407097,172.21724398084,3.78087642192865,-152.21268056026,206.804215443441,-4.26513952939992,158.328732912186
-181.148296586734,1.47347613829391,-153.805529213263,-157.428658173948,6.94664558172374,156.931079527696,173.506857927749,3.9790051936194,-154.978920255138,209.511929375826,-6.17061724018863,156.122257651775,171.331443712359,3.8923902914316,-152.178461110836,208.135554062795,-4.7191089300559,158.738504409166
-181.557515754816,1.51947737504556,-153.810685419554,-157.086269432059,7.3640146883525,156.984209546709,172.828027804921,3.996110047591,-155.228938457717,209.465769898027,-6.28806192551309,156.1476421321,170.422497549409,4.00795218034642,-152.140565547765,209.140234585268,-5.0984817711,159.065323086811
-182.071141297115,1.59018127487551,-153.826690624021,-157.118066231271,7.60841071266843,157.134084501899,172.16490478819,4.00836652750575,-155.491776454178,209.346491671356,-6.36366134791744,156.128297781935,169.484618475967,4.12773473860698,-152.109366258332,209.835451377675,-5.38826142746921,159.293613338088
-182.706499040102,1.69846471052014,-153.855847633476,-157.523703795034,7.65535849271642,157.359073654043,171.523101101636,4.01405441667413,-155.781196835652,209.154887948376,-6.39538965503806,156.053122683553,168.511598349712,4.25069207128036,-152.097484606463,210.244781097632,-5.58147404212774,159.400887238145
-183.487149703124,1.85721057459881,-153.901394377022,-158.28862315359,7.47896954791985,157.615396130562,170.907989071336,4.00968095501017,-156.108959886038,208.899116093757,-6.38996146671481,155.909133477388,167.497169476085,4.37473480759561,-152.116903098299,210.397614107251,-5.68685628942803,159.361259774487
-184.441799035506,2.07924830300518,-153.967439745982,-159.377406464087,7.08235104989207,157.872514931212,170.325510464332,3.99113660290397,-156.481994760987,208.596055404834,-6.36139139010491,155.68516190414,166.435475704474,4.49687314054144,-152.176656760304,210.327013127732,-5.72810868295661,159.164095692176
-185.603775826249,2.37443207903318,-154.059347228862,-160.740146984252,6.50496818422802,158.122183646939,169.783886339861,3.95546908235579,-156.900990700275,208.2651501909,-6.32582024974756,155.377711941971,165.321325323975,4.61322272704852,-152.281208708806,210.063437877099,-5.7239349302395,158.829742745459
-187.010010770929,2.74483101879583,-154.183770726247,-162.311939265508,5.79861370111147,158.359665596369,169.294469452769,3.90167191894022,-157.361228332209,207.919555663053,-6.29426607769195,154.998052701864,164.150400230405,4.71939914136737,-152.429357476061,209.627097091606,-5.67850206639568,158.398475994208
-188.697300492958,3.18584044748616,-154.34928557583,-164.01439420626,5.01400644644262,158.581575200925,168.87106122064,3.83005411601592,-157.854503307011,207.564209467821,-6.27239555663585,154.572815783917,162.919682478932,4.8116833053034,-152.614787694243,209.029973579438,-5.60129088843799,157.911429138585
-190.698466208228,3.69441706585902,-154.570083504393,-165.77175138766,4.19750436065343,158.789032682875,168.528314648627,3.74053801818383,-158.371070736442,207.198847300624,-6.26549310678833,154.133732452152,161.627878148548,4.88817568790448,-152.828990631932,208.282979607465,-5.51201704811942,157.400894370836
-193.038206761847,4.27279624869964,-154.868894384876,-167.520519166785,3.38650684550413,158.983460483693,168.27957884016,3.63128903337082,-158.901532164904,206.820719310869,-6.28038848716186,153.709702995045,160.276289818073,4.9487823592429,-153.065124411129,207.400498819872,-5.419749277095,156.885829606549
-195.727887538345,4.92148431105744,-155.27344326519,-169.210014155706,2.60871955700643,159.164988187141,168.135027733388,3.49937589663967,-159.437940233658,206.425610448366,-6.32329707527363,153.326796907466,158.869595616499,4.99437506052562,-153.320076315381,206.403494784392,-5.3147675169916,156.372131858996
-198.761953486572,5.62822642120837,-155.807414666782,-170.802545680676,1.88267587021768,159.332595552972,168.100702891539,3.34270683846292,-159.973713514779,206.006844851628,-6.39658355933684,153.006119524912,157.415852862107,5.02569113355474,-153.593928043793,205.318324811371,-5.18764345812209,155.857637209976
-202.117668425156,6.36498521717978,-156.483224552207,-172.271966939669,1.21858527551677,159.484418745186,168.178102295159,3.16179545767332,-160.502831511233,205.555854306547,-6.49837955183077,152.757897443164,155.925447260019,5.04197587927033,-153.88896600153,204.17065447284,-5.0471963825739,155.341077504644
-205.752891318238,7.09715438670465,-157.300130719678,-173.601835750319,0.620696418922594,159.618530426841,168.364341949676,2.96089602186046,-161.018802092131,205.065308893456,-6.62441638845602,152.580344939152,154.408935710714,5.03976338600333,-154.208391416796,202.981067964748,-4.91287680009298,154.832103770732
-209.595815272506,7.79254829317807,-158.242048409257,-174.783939126658,0.0900433838717771,159.733518242254,168.653200961632,2.74795399613009,-161.514150076385,204.531182016758,-6.7690720536171,152.465814066998,152.876126825871,5.01351609752984,-154.553805749319,201.765815345008,-4.79850549972194,154.353203815101
-213.540073650395,8.41691956785527,-159.269432995926,-175.81665386784,-0.37342773905466,159.828808211473,169.037107463083,2.53335293529767,-161.980142097552,203.953323705085,-6.92549002117323,152.407225707716,151.337456858244,4.95832843297719,-154.923197600511,200.539693499263,-4.70949658734435,153.927664850483
-217.457567048674,8.93762094857159,-160.31764240753,-176.703454000865,-0.769790002169696,159.90469034776,169.508891280035,2.32776537668482,-162.406108072733,203.33548690249,-7.08594466963886,152.399914882734,149.805794984361,4.87112018030123,-155.310459440156,199.317666351721,-4.64790940063489,153.566456706084
-221.222209740403,9.34663603238775,-161.316548007775,-177.451467922169,-1.09847974195262,159.962254342543,170.061839138031,2.14010564535526,-162.779985281387,202.684332167144,-7.24266536676744,152.439859461207,148.297927021132,4.75013285586182,-155.705743582786,198.113859999081,-4.61314698574031,153.267345052218
-224.728413621423,9.66640055711942,-162.211810583163,-178.070459222368,-1.35892540368446,160.00321222137,170.6894585268,1.97652117918007,-163.090504318113,202.00752006467,-7.38858441710215,152.521628869891,146.834559419274,4.59566803087683,-156.097320642465,196.939517413642,-4.60231675683007,153.02227293803
-227.893562082936,9.93082587736982,-162.969722370622,-178.572299114674,-1.5522977734034,160.029640324284,171.386496874729,1.84045729434136,-163.329339785485,201.311817283609,-7.51785471407125,152.638100218563,145.438282199276,4.40974364309347,-156.476402197749,195.802301320658,-4.61317061844462,152.824888842982
-230.654722986773,10.168191274552,-163.571495296572,-178.969982515919,-1.68193335788088,160.043783820973,172.149647007081,1.73313580113558,-163.492876461207,200.602148804233,-7.62633590707649,152.781340822524,144.132433051005,4.19337339964089,-156.840647269428,194.707410395797,-4.6444879998385,152.67392306574
-232.979163052746,10.4196239049062,-164.122524924561,-179.507567848366,-1.60638550627102,160.298953775302,172.976939646109,1.65359512543037,-163.582863217349,199.881683592348,-7.71205856192027,152.945044819413,142.940802997221,3.94680249660276,-157.191542828557,193.658629261373,-4.69436900905986,152.571522356556
-234.824891854834,10.6762140669538,-164.490047019312,-179.813265941598,-1.5752258888842,160.37644672339,173.867052858921,1.59883102020804,-163.604166489551,199.152314625021,-7.77501926312078,153.126896765072,141.886887610874,3.672367642538,-157.530188127169,192.658917554748,-4.75970286829434,152.519277589461
-236.17591152747,10.9491195666782,-164.680835345104,-179.998567917282,-1.53360210823007,160.389547980802,174.81888214499,1.56460770996296,-163.562101106712,198.415259619077,-7.81596040176273,153.326280002654,140.993392122403,3.37489284555045,-157.856647499494,191.710989232557,-4.83622310213047,152.516082363837
-237.027091527509,11.2443578628798,-164.702826448434,-180.117745323738,-1.46210445499473,160.385950525444,175.830885031447,1.54675053093587,-163.462576569888,197.671581676551,-7.83525930922934,153.539464188121,140.281437620429,3.06005816218595,-158.170810043574,190.817197620173,-4.91866202516155,152.557430997207
-237.383197985028,11.561861252445,-164.564437394685,-180.188135941184,-1.36519684455866,160.373952959854,176.900734456506,1.5419414960841,-163.312340272283,196.922390962675,-7.83268874000566,153.75817773952,139.770026346807,2.73313412109699,-158.472262015107,189.979372507494,-5.00181683579304,152.634530124124
-237.257553444142,11.8947118246903,-164.273010800795,-180.221939554034,-1.25030669998483,160.357031254726,178.025502139138,1.54724664819061,-163.117751913689,196.1690123338,-7.80778408832143,153.971231003148,139.476095958578,2.39910592525095,-158.759759396473,189.19850217442,-5.08171175810175,152.735724699249
-236.670400707121,12.2291402328584,-163.834843624356,-180.228945959663,-1.12516463971712,160.336925915117,179.201898885375,1.55938082811902,-162.884214017693,195.413285050023,-7.7603722771392,154.166486506093,139.414266601082,2.06308660683097,-159.030675799555,188.474055210368,-5.15550378605568,152.849752551486
-235.647962786378,12.5455541424411,-163.256414080388,-180.217275565035,-0.996748358248563,160.314515970588,180.426190575238,1.57450949118832,-162.616699026086,194.657699509279,-7.69102586881796,154.332676806107,139.596109689623,1.72974043459389,-159.281048086762,187.803804820729,-5.22095817962294,152.96729162888
-234.221600811381,12.8200561274571,-162.545298058654,-180.193770239835,-0.871053874401452,160.290142225951,181.693518504715,1.5885971277501,-162.319708812191,193.905043360994,-7.60140259068894,154.46055388749,140.029592766099,1.40259864478509,-159.506779779356,187.184190640905,-5.27614395331966,153.08048493319
-232.426271614526,13.0257938860465,-161.710314334156,-180.164129868826,-0.753211327254134,160.263796637328,182.99738294436,1.59771590325356,-161.995979178114,193.158130210401,-7.49436480080913,154.542975455149,140.719119966142,1.08376441246499,-159.704579125848,186.610857435599,-5.31972518530924,153.182307189168
-230.300303351495,13.1345870871997,-160.762987396747,-180.132933165924,-0.647768830922272,160.235309756901,184.330161960549,1.59798507246133,-161.646153741866,192.419973117789,-7.37387951863614,154.575011512367,141.665636103127,0.773407359593029,-159.872119495954,186.07901444546,-5.35159536596824,153.266743307236
-227.887212326389,13.119359922972,-159.72066428606,-180.103694541122,-0.558670625391837,160.204538489517,185.684141719689,1.58570282368336,-161.270537425243,191.693763969778,-7.24474706264581,154.554919919791,142.866649467878,0.469550031636345,-160.008482479784,185.583177550723,-5.37277598773442,153.329511733563
-225.236726813042,12.957522575929,-158.608714375479,-180.078961626841,-0.488875034655501,160.171518713201,187.051803200076,1.55730272455518,-160.871032453858,190.982631136941,-7.11221938748834,154.485268021176,144.316475269234,0.169355125152623,-160.114546653267,185.116693650516,-5.38478498781295,153.369023385037
-222.402736000827,12.6340383075387,-157.459338108834,-180.060389643958,-0.440194366905223,160.136561782593,188.425505868536,1.50904088551453,-160.452105920026,190.289368912729,-6.98144795345041,154.373067173847,146.006722163498,-0.128781495921087,-160.192504523166,184.672340534548,-5.38905601955259,153.38616620614
-219.441115560111,12.1409593804938,-156.314615032902,-180.05010349813,-0.414248488306028,160.099005857211,189.797624548315,1.43737395462483,-160.020751632658,189.616539953822,-6.85692469258564,154.228187371977,147.926615960503,-0.42448217716451,-160.244288621011,184.243209281052,-5.38675212478008,153.382017671484
-216.415117113102,11.4579952847142,-155.235091183085,-180.050479058309,-0.41243898886627,160.057538833497,191.160923426719,1.33953060904691,-159.585621809226,188.966858621867,-6.74252332780942,154.060939313891,150.063052398331,-0.716495187406432,-160.270118882907,183.822940977612,-5.37900233844018,153.356170132202
-213.383300418677,10.5633380206621,-154.293141728204,-180.060762812237,-0.432491431392459,160.013797658562,192.508743927726,1.21368020734884,-159.155528831807,188.342855509137,-6.64163066481793,153.880978117452,152.400926670869,-1.00416902581306,-160.268468826904,183.405688485938,-5.36705564400363,153.308036010841
-210.371840022302,9.47922122428888,-153.542086167241,-180.077877578237,-0.469282736473528,159.971423559843,193.835530476481,1.06066300918404,-158.737113895157,187.746050101353,-6.55652011926916,153.697463599734,154.923341873429,-1.28832076202505,-160.236843102941,182.985561582218,-5.35157948639572,153.238714147544
-207.384146670876,8.25323850316936,-152.995102368077,-180.0997285042,-0.519313943230626,159.932372739678,195.137467990412,0.885749173866797,-158.333057247828,187.176708400151,-6.48808993569993,153.518673584739,157.609611152338,-1.57209529401376,-160.172643764454,182.556953583945,-5.33270590581078,153.150491803061
-204.419135156492,6.92847074361181,-152.637281618812,-180.125049266431,-0.580113643791956,159.897292041787,196.411935010241,0.695731691760553,-157.942464340318,186.634366876232,-6.43666582776524,153.350724352535,160.433408640467,-1.85879885923186,-160.071170909973,182.115736762477,-5.31142128963721,153.045027312703
-201.466704172749,5.55576105531,-152.44365504595,-180.152618795814,-0.649196758883274,159.86658998346,197.655680571723,0.493232746180226,-157.562664229433,186.118393824309,-6.4025475089815,153.196625236184,163.365901649965,-2.14939465469171,-159.918900353731,181.658904060346,-5.28980887712578,152.922608638017
-198.510661640587,4.18797796876025,-152.382767869589,-180.181367282156,-0.724477979720608,159.840366423487,198.863002246299,0.274425965301287,-157.191582426183,185.628053958312,-6.38591840952497,153.056803941409,166.380684428535,-2.44611999659809,-159.697410244138,181.183610411106,-5.27032139116577,152.783470732258
-195.538309815327,2.86151318210459,-152.419267753654,-180.210522282423,-0.804128207408651,159.818415458864,200.025080824725,0.0313937202078696,-156.829346421799,185.16224087099,-6.38665468828147,152.930835864271,169.456068593349,-2.75461496664152,-159.40228754601,180.68742084731,-5.25555577577403,152.629660829265
-192.545212351403,1.59172327235943,-152.519023793788,-180.239640966671,-0.886332804522842,159.800301919683,201.131207855787,-0.244936968245453,-156.47886448674,184.719286535768,-6.4039094585598,152.819015974755,172.575484392134,-3.08237145837694,-159.052361359096,180.168404373528,-5.24771882766779,152.465394080192
-189.535455644134,0.380406256245294,-152.656241541835,-180.268459131701,-0.968941801876707,159.785445419277,202.171721692902,-0.562203909528128,-156.147570380517,184.297009034979,-6.43589159537013,152.722813031828,175.726885979746,-3.43756004345812,-158.683683943994,179.624932410163,-5.2477077461312,152.295598763697
-186.521819102864,-0.777399566228111,-152.815874521309,-180.29678813741,-1.04951201025427,159.773213977675,203.141018001844,-0.924262411355981,-155.849398848423,183.892820616212,-6.48045048785074,152.644114128804,178.901394193436,-3.82498335233032,-158.3405056635,179.056010483918,-5.25543089559763,152.123490722846
-183.527212669381,-1.8915200450873,-152.992522680035,-180.324589744306,-1.12580887931778,159.76294720713,204.038566856808,-1.33145390934855,-155.603435561319,183.503731108285,-6.53560029673357,152.58389494212,182.09032275987,-4.24030500922473,-158.065754570995,178.461562568774,-5.27091973753771,151.94913206407
-180.585221682707,-2.97703541221288,-153.185884845047,-180.351998353538,-1.19619284339619,159.753956488133,204.867299455498,-1.78231507312015,-155.428988290133,183.126319614357,-6.59920816549563,152.54148859723,185.282096362406,-4.66780321641365,-157.890340156913,177.842594287371,-5.29474862571133,151.770520888694
-177.740586407999,-4.05415174091887,-153.395849154743,-180.379235487708,-1.25920260282063,159.745574838277,205.631389090964,-2.27306833331721,-155.340235993948,182.756864317752,-6.66867758339303,152.514668625428,188.461773240442,-5.08392547477022,-157.823876585318,177.201049600991,-5.32763793590983,151.586436344289
-175.048704685036,-5.14634880925998,-153.619748782424,-180.406586975847,-1.31327218003064,159.737146143968,206.335712234015,-2.79415387161134,-155.342635349185,182.39165861731,-6.74106891967817,152.500146062481,191.610679375768,-5.46429296560865,-157.85583130281,176.539339738395,-5.36989654585653,151.398470426052
-172.569608386019,-6.27570428942402,-153.852127509702,-180.434372630049,-1.3568770886939,159.728056883759,206.986882036182,-3.32683679423096,-155.432828352337,182.027421137106,-6.81332497045465,152.494374753728,194.705822643812,-5.788947469044,-157.969003550179,175.859890610837,-5.42127543061647,151.210813756206
-170.352489661822,-7.45320353347733,-154.084882878385,-180.46290142142,-1.38848488181884,159.717829868541,207.593695666323,-3.84380300787202,-155.603290009676,181.661654446305,-6.8825776512227,152.494336300225,197.720964559159,-6.04493588822331,-158.15318917592,175.164672192849,-5.48089921371178,151.029196051727
-168.422024364047,-8.66670216394347,-154.304585347137,-180.492484894609,-1.40651534637562,159.706167921457,208.164891435949,-4.31497609426463,-155.848577681255,181.292790543306,-6.94626566917183,152.498214006469,200.627593828308,-6.22607813254947,-158.410922777132,174.454751690426,-5.54703168330602,150.860110834308
-166.779895428614,-9.88094183467039,-154.488829998092,-180.523523192084,-1.40966419997227,159.692936734888,208.705402292743,-4.71415767983834,-156.167928222962,180.920217244258,-7.00209707735845,152.5057033425,203.394871896184,-6.32755210906848,-158.753781859506,173.730166693515,-5.61700053523297,150.71007547177
-165.416803152077,-11.0548776902521,-154.608062663599,-180.556691372163,-1.39735535760197,159.678090446111,209.213925421409,-5.02194535556966,-156.562353295177,180.544310058033,-7.04826960851439,152.517949906018,205.98970576636,-6.3407618766761,-159.191159723568,172.990112542248,-5.68751910392427,150.584592512808
-164.3217490981,-12.1591447263416,-154.634758522988,-180.593227492947,-1.37002037888788,159.661617837849,209.682801442008,-5.22673563859419,-157.028397045968,180.166293045065,-7.08349583863143,152.538007969888,208.37899760264,-6.25694146936674,-159.721369532374,172.233137924248,-5.75497755210895,150.487464006412
-163.482328972564,-13.1784671796867,-154.555760120332,-180.635592247938,-1.32907216981757,159.643733087406,210.100192119741,-5.32549044809882,-157.553106253944,179.787838147587,-7.10654838198842,152.571961674055,210.534305110786,-6.07485819761278,-160.331796470088,171.457498262237,-5.81559217598985,150.421177774104
-162.880150603947,-14.1032197765844,-154.382927328342,-180.688688112821,-1.27644635723814,159.625383825677,210.453243349694,-5.32399915534259,-158.114042576171,179.410616412623,-7.11589275546039,152.629466658875,212.435608028489,-5.80282928141881,-161.001879942806,170.661509941387,-5.86553429315115,150.38767029011
-162.489305959406,-14.9224257151674,-154.157599932455,-180.760275236566,-1.2138644469798,159.608485409639,210.730565958918,-5.23704810174954,-158.68213267575,179.035803551587,-7.10953055528752,152.722722522142,214.072624138337,-5.45720668393889,-161.703619239237,169.843755309367,-5.90123210556638,150.389142903332
-162.279376112228,-15.6242490744919,-153.944941836686,-180.859565481195,-1.14247756053062,159.595335657381,210.92414558525,-5.08738229912869,-159.22364579596,178.663691572728,-7.08506646879899,152.864685429629,215.444693085277,-5.06258465736234,-162.400870049401,169.00326606,-5.91990756136108,150.428433852335
-162.231564704241,-16.2043983967009,-153.817762335129,-180.995270398991,-1.06296616482008,159.587770115013,211.030310287365,-4.9028469196802,-159.702639848892,178.293743437089,-7.03999840857869,153.067552905933,216.559686523109,-4.65182547204882,-163.049824865195,168.139442583989,-5.91938431593318,150.508642049816
-162.353187684817,-16.6668688110924,-153.831697415692,-181.174445132353,-0.975746135842544,159.586769844867,211.049135616495,-4.71232162267769,-160.085074033647,177.924961051805,-6.97216953769839,153.34105052232,217.431662304859,-4.26262669830182,-163.6028375783,167.252033809847,-5.89751363750746,150.632550124635
-162.665096570292,-17.0094518423832,-154.008661240809,-181.402278004217,-0.881082871314702,159.592622368585,210.983208051129,-4.54145783950294,-160.342091375542,177.556381650811,-6.88007488438114,153.69008178611,218.077445822209,-3.93167447810105,-164.014530293942,166.341351662348,-5.8523908293465,150.80159731991
-163.194877504152,-17.1924175051172,-154.333814257685,-181.682133455532,-0.779128067249208,159.605203761935,210.836325208382,-4.40937230409191,-160.450636757376,177.187504339088,-6.76273670347837,154.112851294596,218.513301138629,-3.6888515223456,-164.247344164133,165.408154507274,-5.78263345256855,151.014841158009
-163.966971437813,-17.1372748219094,-154.767667828347,-182.016094407582,-0.67004110542161,159.624144826063,210.61151951065,-4.32611807441242,-160.393994167724,176.818383862053,-6.61973074306636,154.60071143887,218.752453228606,-3.55296894645715,-164.274993279741,164.453524041016,-5.68730719990974,151.268617499163
-165.000346170805,-16.797842046936,-155.247259887931,-182.408475023815,-0.550832189647664,159.648960345621,210.310004082945,-4.2919483925051,-160.164042794083,176.449508236344,-6.45147808683885,155.139435901706,218.805630211262,-3.52703106245928,-164.084183231948,163.479004150942,-5.56618098676137,151.556358057847
-166.221284181704,-16.1477575449557,-155.756799323165,-182.863432901492,-0.424398853421289,159.679805597609,209.936902753439,-4.29795948714578,-159.76217888391,176.081990837873,-6.25990036006102,155.712018915509,218.687327354342,-3.5936211403088,-163.680927975527,162.486735508025,-5.41977157379192,151.86742707218
-167.571183200502,-15.1974508168702,-156.264405241742,-183.390363503684,-0.291949372785284,159.716857983922,209.510411470832,-4.32481362155429,-159.197421399781,175.718222610353,-6.04939489808076,156.302646507753,218.421869168968,-3.72042050605053,-163.100003737092,161.479985375399,-5.24949127068044,152.185705536535
-168.990019452681,-13.9970256431879,-156.753335829038,-184.001464006061,-0.157333282058133,159.760316469372,209.059978191641,-4.34464195566165,-158.484666879212,175.361971069104,-5.82673036743743,156.899275357355,218.03364582168,-3.87951949885449,-162.386830997219,160.463188380487,-5.05853577521007,152.490427074408
-170.424867474022,-12.6263400992542,-157.219184920034,-184.710246371209,-0.0271100363927925,159.81034601057,208.615673251441,-4.32971881569284,-157.646354775079,175.017643555562,-5.59929487156986,157.493740123733,217.531206956022,-4.05688597638536,-161.57020753518,159.441225148613,-4.85249399916126,152.760071464008
-171.832935235869,-11.1655928358642,-157.662219482697,-185.529938959748,0.0898369843792313,159.867108935051,208.202173224338,-4.25862324342351,-156.714832185235,174.690120738686,-5.37341497456985,158.080589855748,216.910973311352,-4.24188487079328,-160.672899636711,158.418913793276,-4.63845014228632,152.978095743088
-173.181025592652,-9.68344049753243,-158.081760252255,-186.47144428594,0.183030507789598,159.930767510685,207.836871147441,-4.11640496069499,-155.731152133393,174.385496144065,-5.15374924362265,158.655167439961,216.17027428342,-4.42372854136454,-159.723240936122,157.400469050309,-4.42300296131925,153.137446134301
-174.444112779983,-8.23343302240732,-158.475443012569,-187.542301785352,0.241686425509955,160.001586461678,207.527275740696,-3.89399454557161,-154.742205929076,174.111194014012,-4.94252745785798,159.211417725386,215.312754280764,-4.59690784633563,-158.745188768878,156.389585941476,-4.21126824094766,153.241609866014
-175.604154367156,-6.8533636795623,-158.839851388878,-188.746778132001,0.256554494315265,160.080484380707,207.26867279298,-3.58872663445854,-153.7958255484,173.874355064189,-4.73854985627921,159.741656584685,214.349891261019,-4.75780199222776,-157.75668953949,155.390463715133,-4.00713151420786,153.302380970297
-176.649257953104,-5.56798345491159,-159.171615145698,-190.085986539138,0.221759477201026,160.169465311696,207.045794430176,-3.20539166182097,-152.931000080247,173.67968978831,-4.53775865723066,160.238439042242,213.300908155,-4.89739597035857,-156.777879360935,154.408233652673,-3.81285092523576,153.336056664948
-177.573274275393,-4.39268458176355,-159.468030970958,-191.558646855634,0.135746366808954,160.271543389403,206.839151566522,-2.75680090601384,-152.168596778864,173.528779068949,-4.33546946748581,160.695927778801,212.190018323743,-5.00193443919553,-155.835090042088,153.448433473195,-3.62815931054424,153.360456559919
-178.375134287716,-3.33692099786529,-159.72736886652,-193.161817186722,0.00103393087053377,160.390817753309,206.631570180249,-2.26197773065315,-151.510980056153,173.420937943787,-4.12831501675142,161.110846214532,211.042917783427,-5.05967339184461,-154.95676461872,152.516635893365,-3.4505660160579,153.392369362482
-179.057878293402,-2.40643422131177,-159.94904866617,-194.8908195446,-0.176641189819567,160.532033357785,206.411443323649,-1.7425641341861,-150.949604883663,173.354641743822,-3.91453896866685,161.483762463306,209.884175296495,-5.06788656367292,-154.163514926432,151.618272876232,-3.27651968391753,153.444927177042
-179.627710093655,-1.60436400221743,-160.133624531005,-196.738985191373,-0.388888066436108,160.699202958059,206.172166352207,-1.21976404242828,-150.472887036428,173.328670722324,-3.6929897527449,161.819773137887,208.734638577831,-5.03478003605844,-153.459482234341,150.75805191536,-3.10269656954345,153.526656338758
-180.093149732704,-0.931260246175027,-160.282636085617,-198.697823503721,-0.624883586388945,160.8944771331,205.909841443899,-0.712372991444979,-150.070101897981,173.342484458875,-3.4624103698267,162.128115607366,207.609481654173,-4.97352624723035,-152.834077564072,149.939077528667,-2.92660260447689,153.642371875507
-180.464245230818,-0.384549289724624,-160.398490408137,-200.757802100776,-0.872380008026591,161.117809260776,205.621709219491,-0.235297112877399,-149.732707802915,173.396095478242,-3.22175278026203,162.420356081365,206.518887689178,-4.89534571963905,-152.272511102935,149.162332417008,-2.74608440024037,153.794587517883
-180.75184274647,0.0419112160261901,-160.484312123912,-202.908972342287,-1.11962743738312,161.366744345128,205.305701356766,0.201599215117562,-149.455324463331,173.489675654464,-2.97111003009546,162.707579915545,205.470117389188,-4.80631607910816,-151.766106249034,148.427055516526,-2.5589483781472,153.984509767232
-181.195506713574,0.110804946468507,-160.914750128946,-205.145603958092,-1.36601017841595,161.699509348782,204.960689215658,0.593765544376914,-149.235962962487,173.62273659463,-2.71250481954709,162.997726804079,204.468638932655,-4.70789307164624,-151.315859771197,147.731635971524,-2.36291569841695,154.212384188357
-181.403273333007,0.2725041476359,-161.033548478189,-207.454543081159,-1.59395067638072,162.042113059406,204.58696533467,0.940896313298545,-149.074235648228,173.79294451604,-2.44953092804396,163.294127967378,203.518311677175,-4.6002131597482,-150.928086321352,147.07512371292,-2.15533322547203,154.476688292069
-181.529183738519,0.386830347094056,-161.084141527592,-209.825903820143,-1.79507898025105,162.384298035859,204.186559491733,1.24495126927993,-148.968256028066,173.995019655803,-2.1857160235616,163.59634039341,202.621210664516,-4.48485951448468,-150.606898253247,146.458623117776,-1.93409188964596,154.77326813912
-181.606996703965,0.444237237577234,-161.108621442745,-212.247850807812,-1.96234498261294,162.719383883115,203.76300006898,1.50853513273851,-148.912473068112,174.220730964933,-1.92332054473886,163.901979066023,201.777579877531,-4.3647653699616,-150.349704361757,145.884684137975,-1.69919367078067,155.096054156854
-181.642606390524,0.464337218144313,-161.107611223386,-214.705675892191,-2.09012767004504,163.042866454901,203.320580898932,1.73436384260096,-148.897917194125,174.460087339311,-1.66384695115931,164.206855386325,200.986209599951,-4.24258411667769,-150.148029908985,145.355979608607,-1.45220421010319,155.437956365395
-181.649075834855,0.456869999233789,-161.092345347172,-217.182357799465,-2.17396561792586,163.352373627877,202.863669203391,1.92558098656212,-148.914282253236,174.702788475627,-1.40873280163659,164.503745619856,200.245046807402,-4.12008668090594,-149.991252825063,144.874615607325,-1.19497275174977,155.790998530239
-181.634345354798,0.43314961515179,-161.06790929342,-219.658672710221,-2.21127329554033,163.648448696466,202.396224533483,2.08600469173224,-148.951841919278,174.939463060074,-1.1593426322765,164.781985556402,199.551708247649,-3.99856918311402,-149.869374917809,144.441319863788,-0.929921211832616,156.146222985633
-181.60427972023,0.40258297784965,-161.037715038134,-222.113702693158,-2.20206839719222,163.934912405977,201.921478444429,2.21978296512165,-149.00201289578,175.162629519824,-0.917091617727867,165.028431264491,198.90366130254,-3.87951302551783,-149.773452783192,144.05487177949,-0.661437140463589,156.493610949837
-181.563322445471,0.372096311118024,-161.004351733627,-224.527627463782,-2.14779205602208,164.217127921391,201.441819773924,2.33089714885025,-149.056982914431,175.367334588521,-0.683843152766758,165.228880709537,198.298091665595,-3.76477599442769,-149.694920661116,143.711963112031,-0.39616330876446,156.822212455329
-181.514869032938,0.346394396704759,-160.969862968078,-226.883642900589,-2.0505860851026,164.500625634417,200.958929982037,2.42279776234943,-149.10926984572,175.551428999839,-0.462189777160969,165.369921215162,197.731707704607,-3.65610523512187,-149.625213305116,143.407117033289,-0.141574350576643,157.121025663985
-181.461586047496,0.328567505434441,-160.935858058599,-229.167103290736,-1.91455406390567,164.791254054967,200.474067661645,2.49829036209317,-149.151697174471,175.715644402434,-0.255403606521022,165.441392383188,197.200748984433,-3.55468300081462,-149.555977665043,143.132747934472,0.0954462893005033,157.38072372026
-181.405696742627,0.320510420757077,-160.903545452995,-231.363541890258,-1.7475755832703,165.095039181383,199.988322836984,2.55973079863063,-149.17789209211,175.863583046873,-0.0670487633427372,165.438358901069,196.701346900354,-3.46082953806726,-149.479924460377,142.879406106701,0.309781211520494,157.59533951929
-181.349194644798,0.32308480850319,-160.873720147673,-233.458491401664,-1.56049442791924,165.415935468473,199.502772941365,2.60923821597927,-149.183071575562,176.001448075226,0.0996873151678462,165.36162367227,196.229885359205,-3.37375472437731,-149.391857571403,142.636380663984,0.498722981755371,157.763447676549
-181.293914378634,0.336176068118273,-160.846816802425,-235.440876142161,-1.36291025569014,165.751213537149,199.018758928056,2.64860542116704,-149.16446299541,176.137345527405,0.24254354109983,165.217166350415,195.783124271573,-3.29182201167671,-149.288902872438,142.392877631633,0.661625674709555,157.88824802834
-181.241517277833,0.358775705887566,-160.823020706213,-237.305814281572,-1.16102494160706,166.088599362667,198.538268324018,2.67909880469771,-149.12098528564,176.280325429236,0.360355128640662,165.015230950888,195.358161418139,-3.21383420521399,-149.169711415833,142.139465066611,0.799337184347214,157.9762439641
-181.193450566018,0.389312288149394,-160.802311158553,-239.05424611336,-0.959076741990611,166.407222630894,198.063935850569,2.70161277653592,-149.052720238778,176.439479281843,0.453133927879013,164.769146150726,194.952331497617,-3.14014379922565,-149.033267416618,141.868925297729,0.913821835311552,158.035814088305
-181.150853594944,0.426023123739327,-160.784490514643,-240.691425033666,-0.761061556906427,166.680259968465,197.598544072164,2.71702144965673,-148.960862071965,176.62325213332,0.522133085687691,164.493890970633,194.563306547586,-3.0720202753068,-148.878493598582,141.576327082699,1.00810479251318,158.076316825015
-181.114454612267,0.467311163730133,-160.769276489434,-242.224291660792,-0.572607635901311,166.878662454462,197.144384760219,2.72641099879197,-148.847927081948,176.838985693648,0.569463426430815,164.204863923164,194.189267935033,-3.01034127976405,-148.705429839895,141.258771235438,1.08610669063113,158.107134794563
-181.084496599793,0.511997544136759,-160.756391787311,-243.653202055731,-0.402515413174588,166.975742852961,196.702951924891,2.7311014017771,-148.717714167053,177.092491568259,0.597463328407852,163.91731122117,193.828961329482,-2.9551239638077,-148.516375477354,140.915164224674,1.15185212055293,158.136797440727
-181.060734025691,0.559218232246236,-160.74561205076,-244.963127358282,-0.261615950474513,166.953815631433,196.274987576844,2.73248973938083,-148.57489546984,177.387598767066,0.608520376608798,163.646032729255,193.481765955883,-2.90563142505607,-148.315325565913,140.546200755176,1.20918420306905,158.172575801292
-181.042549590561,0.608200779049482,-160.736775275465,-246.126322590443,-0.160705891785127,166.812534870641,195.860641230379,2.73184185578651,-148.424158146451,177.725767646314,0.605047069232026,163.404718414796,193.147601822322,-2.86080649215257,-148.106526937871,140.154108203781,1.26240794612463,158.220021370024
-181.029146380337,0.658222823173492,-160.729757127228,-247.11186489634,-0.110013300895539,166.571764044707,195.459715226151,2.72999592269628,-148.269255244871,178.106695711037,0.589109054660044,163.205073962246,192.826706160885,-2.81954698059831,-147.893614361517,139.742410412523,1.31509271392656,158.282911868387
-181.019732396049,0.708707846894376,-160.724429843872,-247.892034206545,-0.118400019703326,166.264110689794,195.071924315519,2.72722544463447,-148.112512502627,178.529648630795,0.561832873036794,163.055808841166,192.519446786387,-2.78065265409447,-147.679512748873,139.316478648476,1.36675553954071,158.364746143411
-181.013646009287,0.759252619114626,-160.720615950388,-248.442369171819,-0.191542698534289,165.92143426452,194.697167337383,2.72338566636769,-147.954877186863,178.993639725645,0.523015555790779,162.961848514909,192.226151488571,-2.74289308360087,-147.466380577842,138.884027235651,1.41234320805241,158.469263037246
-181.010388870993,0.809509980805479,-160.718080204386,-248.738984621563,-0.330996157657572,165.563503164662,194.335600943213,2.71815176066316,-147.796498383826,179.497178431961,0.471202631772417,162.924482799481,191.947051589459,-2.70527792926402,-147.255623793043,138.454299443109,1.44607959322249,158.598140420412
-181.009571878383,0.859044850077224,-160.716566731299,-248.76012741098,-0.535572394274881,165.195276733268,193.987325820932,2.711226973035,-147.637635740121,180.038459831267,0.4040104396401,162.942012265283,191.682416379337,-2.66725129626515,-147.048405408351,138.036585833879,1.46478069619325,158.749346574856
-181.010844744464,0.907391414426227,-160.715831082325,-248.491897329945,-0.804046466560462,164.812704403953,193.652028862685,2.70238117086924,-147.479239959852,180.615496346282,0.31854219843285,163.010424063987,191.432673082047,-2.62855960184509,-146.846473257919,137.639861669883,1.46691375652255,158.918556988817
-181.013840012541,0.954226089923868,-160.715666558718,-247.932877028197,-1.13678343061796,164.410512935546,193.328896149744,2.69142383240657,-147.322811358461,181.226262561787,0.211786049919159,163.12395650915,191.1983944339,-2.58914457451528,-146.652673445021,137.273820991329,1.44997361045692,159.102133009232
-181.018118298024,0.999325787250852,-160.715929502831,-247.093758293361,-1.53421124893136,163.985694000828,193.016731052136,2.67815037095645,-147.169840223008,181.86882521873,0.0808547542030862,163.275266707645,190.980281409764,-2.54920079686003,-146.470538790577,136.949907848825,1.41074319293912,159.298218959066
-181.023162868219,1.04233753584903,-160.716539178482,-245.992163973578,-1.99285339581211,163.536401387005,192.714086365312,2.66217564950372,-147.021350905454,182.541165936684,-0.0768076305478518,163.455976657891,190.779049827338,-2.50906307336167,-146.303145662805,136.681375754548,1.34781373027678,159.505352726718
-181.02841319223,1.08265302227535,-160.71744839274,-244.647694633022,-2.5041990621738,163.061588118858,192.41940458911,2.64276950308384,-146.878004695965,183.240892608248,-0.263397639631184,163.657850083581,190.595271559982,-2.46903710274311,-146.152162725681,136.482511789641,1.262554777277,159.721943463904
-181.033300162169,1.11949112866239,-160.718627687845,-243.080567013704,-3.05517011913319,162.561680376681,192.131239383639,2.61880924917602,-146.740364660215,183.965430401707,-0.480781131795929,163.873733273964,190.429230972642,-2.42929369622785,-146.017704659856,136.367492604134,1.15796148322125,159.946741669415
-181.037294408799,1.15208069892011,-160.72006885889,-241.313198875365,-3.62900919235735,162.038995103685,191.848441471907,2.58892839364346,-146.608471026189,184.712426426279,-0.730170725935935,164.098343563048,190.280706033608,-2.3897956733733,-145.898628724678,136.34939030485,1.03715439316674,160.178422342719
-181.039904419036,1.1798820269612,-160.721779198154,-239.370345173023,-4.20450925607463,161.495915699851,191.570243433787,2.55182446062074,-146.481219023098,185.479863123781,-1.01179237828357,164.328049187697,190.148868043892,-2.35038478671676,-145.792860381988,136.439698744583,0.902300434640785,160.414498094173
-181.04059882856,1.20259346591373,-160.723798149048,-237.276046140953,-4.75458793157503,160.932711494288,191.296222115107,2.5065269114912,-146.356396919241,186.265806694514,-1.32479988042818,164.558743196041,190.03241877001,-2.31087048534252,-145.697785577135,136.648019256047,0.75410993202651,160.650063815844
-181.03875744611,1.21986386369431,-160.726227416407,-235.05143979742,-5.24828718159869,160.349461639008,191.026060166774,2.452510663285,-146.231454478645,187.068009763453,-1.66725158808192,164.783370097463,189.929809492888,-2.27079449281974,-145.610697172024,136.981623927713,0.592010156098285,160.877051399806
-181.033715611384,1.2310997293737,-160.729219041687,-232.716892577945,-5.65731766439474,159.751035174873,190.759370609496,2.38969196787943,-146.104447803081,187.883569256534,-2.03578303122062,164.991245397106,189.839292940257,-2.22910880478125,-145.529268950821,137.445379883986,0.414277814579861,161.084867693859
-181.024884538554,1.23560005707433,-160.732927696353,-230.294607345455,-5.96226354131691,159.148431201492,190.495810709488,2.31839397400219,-145.974176381469,188.708585846146,-2.42530980060977,165.170559784561,189.758796209198,-2.18433579875124,-145.451787468936,138.042391964719,0.218416168052114,161.262246714439
-181.011990732009,1.23301550513014,-160.737441428315,-227.806238370507,-6.15318466968397,158.554372877879,190.235288217193,2.23935967720915,-145.839567228086,189.538027293845,-2.82956937592195,165.311840086779,189.68587771107,-2.13497501372117,-145.377119338348,138.774691482404,0.00272314943710864,161.398966516986
-180.995303390878,1.2240698109714,-160.742661043122,-225.267756003565,-6.22615931508455,157.979650303439,189.978082954473,2.15379466304215,-145.699374168278,190.366048896046,-3.24179370140379,165.408597885686,189.617774447596,-2.07994795515116,-145.304363468711,139.643000495902,-0.231780174366572,161.486408443561
-180.975626981972,1.21091445003812,-160.748209810623,-222.696467941891,-6.19202619405371,157.445321615148,189.724819474941,2.0632523029186,-145.552527454489,191.186303460395,-3.65491245134297,165.455998521041,189.551697624623,-2.01949639384413,-145.232193952152,140.645916619031,-0.480790867228584,161.517959489537
-180.954062634763,1.1960561582935,-160.753605825316,-220.118866173099,-6.08737558672951,156.990501733123,189.476294877952,1.9693881042557,-145.398540894596,191.991805470424,-4.06207487881444,165.449740979056,189.485301189173,-1.95544017270376,-145.158494234211,141.779216068325,-0.738022378728282,161.489649227555
-180.931649190661,1.18107659128814,-160.758529653468,-217.555717617617,-5.95462300159714,156.645532494717,189.233218568256,1.87392424195709,-145.237615308686,192.774725695489,-4.45698178407994,165.38546945531,189.41683731724,-1.8900793595032,-145.080800672063,143.033964064507,-0.993771651901492,161.400151792392
-180.909188330706,1.16677701215772,-160.762857565135,-215.011706703161,-5.81519960285424,156.409476202387,188.995998953392,1.77862330205572,-145.070675932402,193.52587655556,-4.83345430472184,165.258116936956,189.345003949652,-1.8254455934045,-144.997250031684,144.393303022265,-1.23098665149896,161.250821680359
-180.887315807687,1.15360810376511,-160.76663322059,-212.484644158054,-5.67113841005449,156.260797717334,188.764742576369,1.68500278730569,-144.899374850379,194.233805983888,-5.18406600173485,165.061397170933,189.268733749683,-1.7633485851812,-144.907122577894,145.832140290484,-1.43030516393126,161.043752881615
-180.866622608041,1.14201766785111,-160.769956677788,-209.973928553305,-5.51877167674746,156.174587567299,188.539482212432,1.59424731498655,-144.725939461594,194.88462973403,-5.49871665776424,164.789129963343,189.187093589039,-1.70542340505524,-144.810971408555,147.323769628916,-1.57943198836336,160.777687073746
-180.847685917551,1.13278110995092,-160.772840221957,-207.483799076058,-5.35405037228827,156.133320849509,188.320453195391,1.50742354746716,-144.553085182691,195.462813090729,-5.76682881154248,164.437349232554,189.099262411911,-1.65312390580122,-144.71066339747,148.849503638001,-1.67267283494981,160.44650949075
-180.830940018255,1.12666498843149,-160.775309024434,-205.021747381466,-5.17597144360283,156.133352711729,188.108113736062,1.42576348075254,-144.384241776388,195.952033745265,-5.9817220625012,164.007497629643,189.00462046527,-1.60752240227421,-144.609354056332,150.403645556338,-1.70786343695168,160.041618621322
-180.816577425175,1.12403293051578,-160.77749673391,-202.593383048982,-4.98859474756707,156.181847786602,187.902978592982,1.35079804570862,-144.22391046562,196.335768531081,-6.14089021430577,163.511171134353,188.902671964845,-1.56917329242216,-144.511299780633,151.992926651798,-1.68671057506033,159.5581165501
-180.804523326891,1.12493794385771,-160.779603207012,-200.202525965737,-4.79316310668537,156.28845744555,187.705597082569,1.28410859109315,-144.07752679498,196.599068295519,-6.24121768417392,162.968340473233,188.792855118598,-1.53826671317521,-144.421319645818,153.63192046609,-1.6119886170815,159.000344150129
-180.794438769918,1.12923013094792,-160.781839969475,-197.858429204155,-4.58014458236959,156.46261572314,187.516752839266,1.22713149913078,-143.95062135645,196.732471650508,-6.27443460318667,162.397699619533,188.674731217172,-1.51461163836815,-144.344279575519,155.336280646597,-1.48322475696107,158.380254702151
-180.785860146248,1.13632129239486,-160.78438813883,-195.58202835472,-4.32848694335246,156.716078594564,187.33780150104,1.18129983158946,-143.848013890448,196.734563586654,-6.22836118216957,161.810605975419,188.547900833997,-1.49748078283413,-144.284818527185,157.11888134351,-1.29834292251721,157.713310207976
-180.778478646622,1.14541037840706,-160.787316430212,-193.391617165836,-4.03299464719793,157.059240090428,187.17102417372,1.14820120880237,-143.77373388333,196.610607029031,-6.09383219742321,161.213643178971,188.41142741116,-1.485345170869,-144.247052637606,158.988435896224,-1.05863548489178,157.01788515699
-180.772389832602,1.15643019639543,-160.790527336462,-191.306282539202,-3.72948081447839,157.485723791367,187.019767020777,1.12963512838545,-143.731209173984,196.371602988804,-5.87640848678978,160.612462897454,188.263484755028,-1.47632254887076,-144.234383955917,160.941975634778,-0.772799803403845,156.317859882242
-180.768172313931,1.17013797450717,-160.793821792379,-189.363591650244,-3.44168382510019,157.968872253332,186.888107285987,1.12704547860019,-143.722806758441,196.037447394559,-5.60611769070326,160.00554126461,188.101573382714,-1.46901229010952,-144.249336716317,162.943725229935,-0.466218578287982,155.644333320758
-180.766741182334,1.18735949222147,-160.796917242563,-187.593710454057,-3.1579618693143,158.479792884497,186.779791760946,1.14033893053775,-143.748497646187,195.636830224723,-5.32357515926448,159.38431146511,187.922852213312,-1.46235340023153,-144.292645082528,164.916243566079,-0.174099451317618,155.026708096484
-180.769128971254,1.20860005834973,-160.799475615328,-186.00893874173,-2.88225804409509,158.99663637119,186.697014293756,1.16752071505552,-143.804402312657,195.193504968371,-5.05536333461217,158.759312435066,187.724254278999,-1.45592899803072,-144.36177228524,166.77780681315,0.0925494261787125,154.485053888087
-180.776333056666,1.23370706029274,-160.801225894674,-184.616617308598,-2.63024002092274,159.501771123175,186.640011521141,1.20527410019001,-143.882900443362,194.717774321215,-4.81430269381348,158.16688654179,187.50317569845,-1.45100165420494,-144.450598716602,168.483334086741,0.347630571283281,154.040792349949
-180.789060268964,1.26185035129086,-160.802021151283,-183.41758990931,-2.40565125208314,159.981175100311,186.607064016116,1.24964232138146,-143.975294864491,194.218194693963,-4.60753419015331,157.642196062877,187.258739330573,-1.44986587146132,-144.551158179464,170.020032251778,0.594107950555953,153.71883823766
-180.807406819824,1.29190891103165,-160.801854886204,-182.406151078855,-2.2052395470505,160.424915609344,186.594536248573,1.29666285842733,-144.075753092646,193.70823977613,-4.43465565591561,157.210443870458,186.992527349209,-1.4542145986073,-144.656812349318,171.387337832495,0.817749485943609,153.52649500092
-180.830751047372,1.32216436310052,-160.8008694731,-181.571555978986,-2.02422721100618,160.826755539028,186.597123975357,1.34251312749164,-144.183986508659,193.200561664316,-4.29029722148913,156.890562368785,186.708402791912,-1.4652046137657,-144.76529899931,172.588888247075,1.00273511260878,153.43957728832
-180.857966127412,1.34988544599739,-160.799295988303,-180.899332310578,-1.85722697233359,161.18339346271,186.608154169896,1.38314494239401,-144.305124821621,192.702308652003,-4.16930446781658,156.688773329421,186.41185434405,-1.48391111812066,-144.879572779664,173.630016740018,1.14070787889448,153.421131508697
-180.887749353942,1.37199845041242,-160.797405030457,-180.37251616404,-1.69777059175829,161.494070997719,186.620424531134,1.41415681947787,-144.447146943483,192.214772334933,-4.06746896445516,156.597234944758,186.109066848969,-1.51091860657347,-145.006219570752,174.517545206337,1.23499570233115,153.453822670166
-180.918911902651,1.38630702179798,-160.795460930815,-179.973253104669,-1.54300700981646,161.75971517473,186.627607626392,1.43105863699394,-144.617199345618,191.737209527183,-3.98029532334165,156.599632909957,185.806054940645,-1.54589826811484,-145.152766740554,175.261807150217,1.29185137488538,153.540627635924
-180.950527643264,1.39207624399585,-160.793631563212,-179.684012767246,-1.39465166852642,161.982365751904,186.625182275144,1.42979062430728,-144.818744099237,191.270456151683,-3.90337911915826,156.675379825665,185.508213334274,-1.58758391183385,-145.324588828291,175.876909254769,1.31000882117661,153.682897161185
-180.981815185993,1.38983498099893,-160.791934712375,-178.741490967172,-0.984652329039065,162.177088138659,186.61051936942,1.40771188143404,-145.051263925115,190.81703903961,-3.83448051180519,156.803253307406,185.219975995348,-1.63398983569142,-145.522587973998,176.378627319545,1.28672896571358,153.873468535148
-181.012050417299,1.38107829186573,-160.790256377604,-178.381801847761,-0.758101176702123,162.335942188984,186.582575026042,1.36447454022904,-145.312295164998,190.379885230155,-3.77358522350449,156.96405678,184.944580728138,-1.68276277203412,-145.743375868159,176.783169217646,1.22552821732797,154.10013506663
-181.040593868651,1.36811550160697,-160.788349400876,-178.26178268272,-0.604570862275557,162.457020096899,186.541466432493,1.30178942211961,-145.599655976593,189.961154540011,-3.72047156233751,157.141046157228,184.68425588126,-1.73209150091178,-145.981632282683,177.106076584561,1.13210158072729,154.347465141059
-181.06687615157,1.35397368906872,-160.78569566718,-178.223857908911,-0.473428057640621,162.548132213997,186.488057948906,1.22252480545552,-145.911944050154,189.561642215356,-3.6734607369795,157.319866546269,184.440702860055,-1.78137248769997,-146.23239734107,177.361123412359,1.01071105929938,154.599000531522
-181.090449153484,1.34212444625849,-160.781325788776,-178.23706200023,-0.357236633938538,162.613593944366,186.423731344466,1.13000954456305,-146.24735715982,189.181224813293,-3.63059617482487,157.48891284077,184.215499600666,-1.83070991681898,-146.491836338527,177.560359161853,0.866966176923124,154.840660203761
-181.111093105782,1.33580848725513,-160.773842348357,-178.284452527983,-0.252651475594296,162.657314696952,186.350304357182,1.02779440443851,-146.602335828978,188.81948763875,-3.59073903191007,157.639994392901,184.010148619839,-1.88001093748154,-146.757092013163,177.71417488156,0.707782730076903,155.06378838251
-181.12892481316,1.33721668721234,-160.7617246227,-178.354311663749,-0.157682256498118,162.682913414725,186.269842613626,0.919554539331117,-146.971314756083,188.475815348583,-3.55332922139293,157.768414647382,183.825927931146,-1.92871998687521,-147.026288325604,177.831401058539,0.539233060084782,155.265817498798
-181.144398740786,1.34700693205197,-160.74374846426,-178.437945837023,-0.071418044447832,162.693752939618,186.184223699483,0.808515324799767,-147.347589159087,188.149231922048,-3.51782491812788,157.871879217843,183.663796545676,-1.97593593496209,-147.298745980129,177.919724677536,0.36620154105475,155.447634760871
-181.158111577673,1.36414796044809,-160.719435437295,-178.528749581301,0.0062826680753003,162.692940275086,186.094805432507,0.696831116442797,-147.724499584861,187.838427433162,-3.48373236473542,157.948992874471,183.524303887127,-2.02072495915966,-147.574811691779,177.986027959563,0.192486334349636,155.610243669616
-181.170585048055,1.38613921591222,-160.689350908597,-178.621614060953,0.0753104405852423,162.683266697631,186.002434231118,0.585460890483367,-148.09637045441,187.541810689255,-3.45080863761793,157.99829233039,183.40748091852,-2.06243274214646,-147.855098424122,178.036574800073,0.0209764465814818,155.753700500449
-181.182191040608,1.40974966744407,-160.654870817089,-178.712632834274,0.135419845148839,162.667167526995,185.907565565051,0.474370868707281,-148.458903010667,187.257401201369,-3.41888480193075,158.018030847429,183.312716813614,-2.10055380707737,-148.139583354603,178.077163856219,-0.146174421428625,155.877097788536
-181.193158734323,1.43186156332614,-160.617615819706,-178.798834680381,0.186429177277989,162.646754624054,185.810357045686,0.362966673040036,-148.809072213559,186.982594750919,-3.3876562952563,158.006944039581,183.238694072903,-2.13477235967757,-148.427142403335,178.113267199859,-0.307464654733085,155.978700467017
-181.203595700421,1.45006309171086,-160.579088046537,-178.87803774669,0.228013414238292,162.623787505689,185.710789769717,0.250579130460996,-149.145005224847,186.714114817479,-3.35657442660736,157.965211396706,183.183508642084,-2.16512524474094,-148.715742142681,178.150068826732,-0.462147175577648,156.056964869628
-181.213520145227,1.4628655809332,-160.540554507332,-178.948473883501,0.260877086037977,162.599803230712,185.608854491873,0.136795389254317,-149.465997206728,186.448416726904,-3.32472173244296,157.894662108535,183.144961437498,-2.1916765397207,-149.003006814934,178.192214144427,-0.609862830414811,156.11152065627
-181.222887607103,1.46955234577338,-160.50302416135,-179.009025527958,0.28595392929818,162.576037443033,185.504667356753,0.0215511377063092,-149.772394511489,186.182371784381,-3.29085512693052,157.798407570673,183.120883607835,-2.21433579032413,-149.286951616083,178.243458624608,-0.750273274184737,156.143353299319
-181.231605021124,1.46982268157107,-160.467253297432,-179.05925545869,0.304262125387062,162.553409186948,185.398421645097,-0.0949420467187778,-150.065248191895,185.913745390126,-3.25358490890158,157.680004288043,183.109424648419,-2.23310642198714,-149.56663420923,178.306586845467,-0.883274226226815,156.154431797233
-181.239529976918,1.46349149428498,-160.433753161664,-179.099271059202,0.316965887586692,162.532555135149,185.290294202788,-0.212401033350914,-150.345857469964,185.641231344689,-3.21158572817756,157.542591538264,183.10921233669,-2.24830602057668,-149.842249682208,178.383557227244,-1.00915095391013,156.146990451899
-181.246477282552,1.45037429743296,-160.402829388761,-179.129617789647,0.325246342234372,162.513882358458,185.180434112996,-0.330690535572146,-150.615401026723,185.364358411741,-3.16382692546682,157.388481783585,183.119283868671,-2.26050591408721,-150.114568228457,178.475649141916,-1.12851649465542,156.12296862912
-181.252248134075,1.43029826537185,-160.374634887144,-179.151141515338,0.330227373178441,162.497612861336,185.068987136612,-0.449936211558674,-150.874653851457,185.083351997489,-3.10967287617005,157.219154458935,183.138808262355,-2.27053669148098,-150.384084043398,178.583453087544,-1.24224998096488,156.084066223076
-181.256667000544,1.40321380471577,-160.34921741984,-179.164916951676,0.332892479449272,162.483790719551,184.95603500472,-0.570614667526664,-151.123629763486,184.798842288479,-3.04882952235648,157.035996149797,183.16675458069,-2.27951200920715,-150.650359714014,178.706787088348,-1.35147614068155,156.032334286069
-181.259610533423,1.36933606839648,-160.326570059169,-179.172216755169,0.334058403205311,162.472295279613,184.841507416998,-0.693393155638498,-151.361323945985,184.511686015964,-2.9813653564225,156.841581721624,183.20176362846,-2.28836572579553,-150.911951253342,178.844704629691,-1.45755832124924,155.971049093027
-181.261028372825,1.32922338345131,-160.306656991529,-179.174399625701,0.33447452189382,162.462905001034,184.725235983495,-0.818790303834394,-151.585775666952,184.22309182706,-2.9078552872461,156.64047774008,183.242221307757,-2.29756045903859,-151.166666476762,178.995521755057,-1.56167058765567,155.905136981747
-181.26094218699,1.28381344230595,-160.289415058475,-179.172812404675,0.334783978565829,162.455342125097,184.60711963998,-0.946923767276362,-151.79444286777,183.934887346105,-2.82945762743639,156.439057939988,183.286409733429,-2.30719513152717,-151.411690120992,179.156883982274,-1.66400319002962,155.840501972123
-181.259437220399,1.23444667080469,-160.274755843572,-179.168751029001,0.33538635153756,162.44927870807,184.487191578513,-1.07730386337237,-151.984722963297,183.649388917757,-2.7477307165249,156.244411003798,183.33266879773,-2.31718407400618,-151.643779906922,179.326081060425,-1.7639937007284,155.782753572313
-181.25664840869,1.18279660603626,-160.262561551867,-179.16337841041,0.336394886880238,162.44438095995,184.365516379451,-1.20883671715734,-152.154346097359,183.368796012415,-2.66412765515577,156.062993015911,183.37960097522,-2.32749162571406,-151.859721192818,179.50056996338,-1.86137497222792,155.736001551858
-181.25272070986,1.13064256468653,-160.25268375109,-179.157581310624,0.337735741037248,162.440373161032,184.242109358539,-1.34008145794432,-152.301632160819,183.094669560546,-2.57960879383429,155.899947688035,183.426374784528,-2.33833889472865,-152.056821319673,179.678207766768,-1.95638038145296,155.702325464199
-181.24777764876,1.07962939345887,-160.244951436568,-179.151888158539,0.339349001236057,162.437049031419,184.117054799523,-1.46959668321672,-152.425708006222,182.827829523208,-2.49478779698939,155.759312827206,183.472819021515,-2.35020882491152,-152.23310274995,179.857076491116,-2.04929641754511,155.682164656385
-181.241940443713,1.03117530318097,-160.23917992867,-179.14655189481,0.341264463226768,162.434277209834,183.990648790085,-1.59614774114145,-152.526555916439,182.568715349579,-2.41015882417959,155.644629570873,183.519191014243,-2.36344941230482,-152.387173585444,180.035368646402,-2.1403605465824,155.675188590808
-181.235372652046,0.986431802854106,-160.235169258307,-179.141712912952,0.34354669390411,162.431996776483,183.863434302227,-1.7187100401713,-152.604791733997,182.317901341965,-2.32591850632839,155.559108802163,183.565878541902,-2.37800377345491,-152.518191274241,180.211370765657,-2.22967455633161,155.681061084649
-181.228315654069,0.946207117259722,-160.232692893703,-179.137478150886,0.346249574311247,162.43017869572,183.7362484534,-1.83640909613763,-152.661323122604,182.076339871889,-2.24187475131905,155.505033306611,183.613100433257,-2.39372421802411,-152.625797379419,180.383428758157,-2.31687109148733,155.699408214064
-181.221113289185,0.910982198889752,-160.231491392772,-179.133965880257,0.349300431969268,162.428779976865,183.610241737352,-1.94838451030552,-152.697174855607,181.845358981339,-2.15795061302136,155.482997891071,183.66067435871,-2.41063438332104,-152.709838817546,180.549814459003,-2.40102290984343,155.729116226585
-181.21418725189,0.880982224509326,-160.231269663766,-179.131377368979,0.352410528726904,162.427708916294,183.486777151706,-2.05373818327252,-152.713642683761,181.626581126288,-2.0747860466701,155.491401535465,183.708004608735,-2.42895553177144,-152.770276652771,180.708627652238,-2.48094379633481,155.767825101003
-181.207949660197,0.856175883895557,-160.231708765181,-179.129995505461,0.355106240706984,162.426829533758,183.367165090666,-2.15180674286788,-152.712616618262,181.421733656363,-1.99372192468434,155.526288815623,183.754270042398,-2.44893841386707,-152.807541799132,180.858010182568,-2.55591401050463,155.812133024634
-181.202704381076,0.836189516947617,-160.23250664982,-179.130163363772,0.356706990155672,162.425974962707,183.252322385687,-2.24249152130688,-152.69670907685,181.232348288825,-1.91641259694053,155.581688649558,183.798728576969,-2.47053403746462,-152.82302714833,180.996355505722,-2.62559012743434,155.858181433522
-181.198598297136,0.820251247788536,-160.233404230486,-179.132311258404,0.356229013070314,162.424937921186,183.142571681154,-2.3261687873887,-152.669088924387,181.059463053569,-1.84461762438,155.650458379084,183.841020275763,-2.49352211807228,-152.819213615098,181.122417395709,-2.68904556486989,155.902009529915
-181.195648619426,0.80738761958768,-160.234165723248,-179.136945345425,0.352334363374919,162.423460383179,183.037661677889,-2.40344296753963,-152.633075067899,180.903487178419,-1.77997242781745,155.725515754764,183.88125766732,-2.51772399797565,-152.799454190107,181.235516324113,-2.74524155185627,155.939676676798
-181.193786596491,0.796712740887828,-160.234585021365,-179.144532827546,0.343496877545103,162.421278936863,182.936975742116,-2.47506376011077,-152.591618194123,180.764217164541,-1.7237101448905,155.801168856948,183.919869894321,-2.54301553569999,-152.767528514667,181.33564713583,-2.79388803600262,155.967673559384
-181.192884323407,0.787576939948037,-160.23453190198,-179.155347937846,0.328343508712686,162.418205273501,182.839846931586,-2.54180653536172,-152.546993444727,180.640920200616,-1.67653414946599,155.87405396777,183.957371754177,-2.56943191453771,-152.726858668084,181.423292690554,-2.83493921227559,155.983970557597
-181.192791719327,0.779641947381188,-160.23395937001,-179.169382925165,0.305929190053538,162.414166149358,182.745892814471,-2.60434544967374,-152.500767358101,180.532435924862,-1.63843744338875,155.943356964964,183.994099431167,-2.59716533451629,-152.679755798068,181.499067356523,-2.86836993949799,155.9890509432
-181.193365074707,0.772904288809948,-160.232872559452,-179.186362563976,0.275859974281462,162.409186669269,182.65523546485,-2.66314426202195,-152.453911068719,180.437305534534,-1.60870499690537,156.010229896442,184.029970298912,-2.62638515764717,-152.627406837539,181.563596196926,-2.89451401216275,155.985728348273
-181.194498200634,0.767607574481761,-160.231306793944,-179.205832049869,0.23843653709757,162.403366128354,182.568454285234,-2.71834668374389,-152.407100155412,180.353928252123,-1.5861533323634,156.076676311643,184.064502974846,-2.65712104332998,-152.570557213387,181.617646356017,-2.91427674889893,155.97777387925
-181.196145683446,0.764111832849537,-160.229313363594,-179.227273540421,0.194717006537753,162.396846665562,182.486367426917,-2.76973495706163,-152.361122674951,180.280590254535,-1.56903417415522,156.144554056116,184.097092904296,-2.6893039055893,-152.510136485551,181.662029828593,-2.928893074539,155.968882199499
-181.19829055323,0.762817539741287,-160.226948716682,-179.250202479504,0.146243900391579,162.38977207456,182.409816591851,-2.81686354583197,-152.31709863118,180.215349031046,-1.55495667526495,156.215019866756,184.127296350489,-2.7227615045684,-152.447522910406,181.697546651464,-2.93913264728564,155.962349452251
-181.200885033379,0.764038616037787,-160.224283398573,-179.274274174492,0.0945867844769511,162.382301527089,182.339429037958,-2.85933733695047,-152.276409485255,180.156044980545,-1.54157574695653,156.28806122906,184.155001219385,-2.75704744711519,-152.384639002464,181.725302868329,-2.94547528745999,155.960370164761
-181.203830668145,0.767832014021415,-160.221411541241,-179.298024599783,0.0435885569337652,162.374674120126,182.275432467583,-2.89694773805765,-152.240471354289,180.100559426809,-1.52752914678287,156.361997136811,184.180490946938,-2.79143331900659,-152.323823514178,181.746828613974,-2.94863900678732,155.963324902011
-181.206994204057,0.773975763810984,-160.218426604746,-179.322162902247,-0.0075293019758056,162.366967456916,182.217657975815,-2.92968230091238,-152.210455616723,180.047093228015,-1.51254512291989,156.433553608062,184.204364040197,-2.82514823256366,-152.2673608971,181.763833007226,-2.94936227360665,155.97019691721
-181.210206364879,0.782010040548883,-160.215380344023,-179.34589878212,-0.0567950980579081,162.359371397018,182.165569791134,-2.95780528661276,-152.18710281044,179.994321014783,-1.49684464686261,156.498746610084,184.22736260065,-2.85751105962104,-152.217057703951,181.777974099082,-2.94828679865475,155.97949723524
-181.21325858785,0.791226512882458,-160.212275213863,-179.368727334826,-0.103026822630902,162.352080782028,182.118279512665,-2.98195243863437,-152.170757844609,179.941457843686,-1.48076610219758,156.55409340184,184.250275533767,-2.88798768760349,-152.174178121877,181.790702535335,-2.94589988632074,155.989901066427
-181.215904743073,0.800712238360883,-160.209075166878,-179.39021393141,-0.145342710966889,162.345271575736,182.074655953099,-3.00312330441264,-152.161455131247,179.888240872268,-1.46467422715373,156.597591880984,184.273932039689,-2.91618036644922,-152.139564873537,181.803106943714,-2.94250675423174,156.000638868959
-181.217883526327,0.809553067444325,-160.205718371509,-179.410025100586,-0.183220421539964,162.339071287153,182.033452696196,-3.02251104909279,-152.158863447009,179.8349227777,-1.44891132436411,156.628951766102,184.299205382342,-2.94175303824348,-152.113755230008,181.815844104146,-2.9383093008438,156.011513034295
-181.218987907482,0.8171013087829,-160.202167654282,-179.427950071047,-0.216547019124643,162.333532783985,181.993404913492,-3.04132259913476,-152.162152929107,179.782079954091,-1.43397367845904,156.649099913658,184.326979198473,-2.9644053102418,-152.096833621542,181.829244596378,-2.93341671743765,156.022555896616
-181.21909868108,0.82303776853324,-160.198450387454,-179.443886871799,-0.245543514237079,162.328659845433,181.953288856273,-3.06075609704701,-152.169875499021,179.7302174928,-1.42065255680644,156.659544254567,184.358136748991,-2.98404726985522,-152.087987940065,181.843493178362,-2.927975685377,156.033604740368
-181.218142407218,0.827290547039814,-160.194623509568,-179.457814830835,-0.270655816495373,162.324461388768,181.911977840937,-3.08190247146125,-152.179870859314,179.679683136604,-1.40979811951253,156.661913479712,184.393596642202,-3.00093960295292,-152.085347383553,181.858713236038,-2.92213269885458,156.044186402403
-181.216059406503,0.829943268721329,-160.190735904654,-179.46976213894,-0.292451434351197,162.32095524884,181.868511357021,-3.10550036657493,-152.189352935245,179.630721272897,-1.40195518340329,156.65774272245,184.434280687329,-3.01545886442504,-152.086401910914,181.874980823517,-2.91573615652393,156.053809346157
-181.212812535348,0.831076779294136,-160.186849720748,-179.479789125951,-0.311483946240103,162.31814297375,181.822122736143,-3.1318906721699,-152.195316406363,179.58342309932,-1.39715952389624,156.648416975448,184.481013636466,-3.02789562370632,-152.088604090748,181.892371459271,-2.90843399051085,156.062264134659
-181.208396935179,0.830666102724622,-160.183042609597,-179.487997314522,-0.328192396415966,162.31599558622,181.77225767552,-3.16122648270657,-152.195088314745,179.537763604974,-1.39497045113992,156.635185263935,184.534459562612,-3.03845174158065,-152.089848849826,181.911036996264,-2.90004470319658,156.069516271388
-181.202851466165,0.828601723515058,-160.179378150973,-179.494539820742,-0.342884804031822,162.314447749021,181.71868199238,-3.1935800760151,-152.186741847113,179.493713200855,-1.39458208576371,156.61923726872,184.595043927751,-3.04727562936111,-152.088720707613,181.931182387504,-2.89052869148767,156.075384853713
-181.1962855363,0.824803396499383,-160.175909132607,-179.499632523051,-0.355736830669832,162.313413135797,181.661609789062,-3.22886524577166,-152.169246316085,179.451337314186,-1.39499507376067,156.601735786366,184.662794552207,-3.05443123736423,-152.08443064307,181.952923387527,-2.87976288179948,156.079655581311
-181.188892142486,0.819367383375635,-160.172686333267,-179.50356051702,-0.366874549628656,162.312791492746,181.601658490798,-3.26678890491125,-152.14236910642,179.41082982494,-1.39528710325149,156.583749492654,184.737228975459,-3.05982836078673,-152.076585987779,181.976243243666,-2.86754273031557,156.082458938644
-181.180911764752,0.812593021685327,-160.16974471247,-179.506634735086,-0.376532300632667,162.312464312893,181.539720675889,-3.30687925501597,-152.106405407296,179.372461829095,-1.39476250694383,156.566119310541,184.817378879666,-3.06333849818933,-152.064933186152,182.001055313837,-2.85380557061631,156.084239894507
-181.172585022957,0.804921144307801,-160.167101070844,-179.50913421421,-0.385091460262131,162.312306890628,181.476867494468,-3.34854177153456,-152.061955651821,179.336471117339,-1.39301328441054,156.549435106898,184.901924438309,-3.06489087115237,-152.049252447285,182.027207991886,-2.83878778932337,156.085472497835
-181.164140751265,0.796863572353547,-160.164771233672,-179.51129091762,-0.393002646020652,162.312208019975,181.414228910024,-3.39111986648931,-152.009955815122,179.302937906026,-1.38993199361533,156.534092142106,184.989384220093,-3.06443305297242,-152.02951303125,182.054476180884,-2.82286736163241,156.08653644602
-181.155777639218,0.788904332860852,-160.162763638298,-179.513279512818,-0.400679792267938,162.312099112005,181.352921359662,-3.43389378657464,-151.951789056407,179.271771160456,-1.38558818380767,156.520310000907,185.078301005936,-3.06200256358128,-152.006120299728,182.082578407444,-2.80639968356951,156.087697572042
-181.147631731622,0.781416940217872,-160.161055794929,-179.515210359908,-0.408452918919221,162.311960827576,181.294029123508,-3.47607531670718,-151.889234124779,179.242861861352,-1.38007055418774,156.508132801835,185.167340646308,-3.05775091268205,-151.980011749579,182.111139903173,-2.78976741620551,156.089066819982
-181.139781711593,0.774608729750266,-160.15961025897,-179.517150092659,-0.416576928940581,162.311788700759,181.238539994597,-3.5168926096579,-151.82438169673,179.216289097596,-1.37342842787785,156.49734461991,185.255257546257,-3.05190402045167,-151.952512037261,182.139682522816,-2.77345206916709,156.090530736073
-181.132292686958,0.768565648307377,-160.158398413487,-179.519130477997,-0.42520230680863,162.31158071759,181.187293128801,-3.55568745959121,-151.759544303658,179.192407922972,-1.36573384006894,156.487474452407,185.34078691902,-3.04481785530378,-151.925073954954,182.167656637814,-2.75801161089437,156.091758772619
-181.125236312077,0.763394650860859,-160.15738285958,-179.521160729696,-0.434361704041612,162.311337065126,181.140965498561,-3.59194667099792,-151.696983125776,179.171712569369,-1.35721042229459,156.478033843434,185.422577389404,-3.0370196277751,-151.89899640237,182.194433530646,-2.74395378273818,156.092342791082
-181.118659456598,0.759254471315351,-160.15649316918,-179.523246688466,-0.444038587874952,162.311040474848,181.100006039003,-3.62524415201813,-151.638510425354,179.154603814202,-1.34833898784334,156.468735026578,185.499268670208,-3.02917917469849,-151.875075180499,182.219345738414,-2.73170619641355,156.091895493106
-181.112569463102,0.756278395942829,-160.155629924251,-179.52538199928,-0.454268845805372,162.310669488175,181.064540717686,-3.65527848677073,-151.585144237958,179.141226545049,-1.33988230429781,156.459445339569,185.569648450211,-3.0219592358386,-151.853376661684,182.241791582156,-2.72164077002696,156.0900851678
-181.106968196462,0.754524317540151,-160.154711101421,-179.527555537594,-0.465166117532054,162.310213883926,181.034312838714,-3.68200271791896,-151.537016185055,179.131381000594,-1.33276537266239,156.4500014265,185.632783059448,-3.01587665813725,-151.833383566273,182.261369938984,-2.7139099098167,156.086668646921
-181.101856035152,0.753986589536722,-160.153693850541,-179.529743559085,-0.476881735450764,162.309667837169,181.008686810577,-3.70567818000212,-151.493636414861,179.124535571059,-1.32786553985723,156.440214568065,185.688132485931,-3.01129886095001,-151.814292813453,182.277974826289,-2.70837454881162,156.081465213567
-181.097201691237,0.754633656008009,-160.152553154891,-179.53189013026,-0.489558173549334,162.309043424508,180.986749922493,-3.72688494884994,-151.454255954217,179.119954951332,-1.32584595167399,156.43004273189,185.73565847977,-3.00846790060953,-151.79526115877,182.291731821505,-2.70478788051261,156.074385872885
-181.092956689054,0.756422323003192,-160.151292850552,-179.533948685617,-0.503283408362626,162.308371115554,180.967512871894,-3.74637485810295,-151.41799329874,179.116866622539,-1.3269445157151,156.419677314321,185.775810188153,-3.00747306106265,-151.775594510275,182.302884297192,-2.70297762484127,156.065584295011
-181.089075193381,0.759269423581561,-160.149952208213,-179.535918181908,-0.517982660139746,162.307676710441,180.950123916702,-3.76488915288328,-151.383875978481,179.114621579966,-1.33084620490615,156.409530709608,185.8093542418,-3.00821743883348,-151.754818896448,182.311785500673,-2.70300243158471,156.055531758981
-181.085515743283,0.763021736236807,-160.148600275108,-179.537842389611,-0.533252137110622,162.306978566581,180.934038254931,-3.78309701454609,-151.351092328233,179.112807998462,-1.33678426417859,156.400252471559,185.837171596212,-3.01050880083079,-151.732628288807,182.318833627184,-2.70520039381613,156.04502872413
-181.082255848923,0.767503244155527,-160.147331972454,-179.539793560425,-0.548405784990596,162.306289065906,180.919118279536,-3.80150624922956,-151.319240592227,179.111275687289,-1.3436725319662,156.392783417637,185.860035326746,-3.014237060425,-151.708845685652,182.324276529954,-2.70973138819562,156.035338318989
-181.079287776053,0.77258543540518,-160.146241466203,-179.541834956469,-0.562754865383145,162.305595282695,180.905623210776,-3.82037909511718,-151.288310755005,179.110083168294,-1.35037101098098,156.388226825758,185.878447852174,-3.01943630683422,-151.683526301806,182.328155701659,-2.71631761706617,156.028009194024
-181.076596288434,0.778237902941117,-160.14539700531,-179.543993524847,-0.57586681407295,162.304863382307,180.894136818133,-3.83970273099503,-151.25851156138,179.109384898498,-1.35612100736835,156.387389968716,185.892613455392,-3.0261327978688,-151.657005323005,182.33046174476,-2.72475374598198,156.024161214713
-181.074165959813,0.784565766853601,-160.144845906862,-179.546240127418,-0.587601054984452,162.304081453346,180.885461350294,-3.85916294160525,-151.230006377806,179.109332759416,-1.36074894841704,156.390312876273,185.902498778524,-3.03421546466412,-151.629780040415,182.331282414961,-2.73509451431571,156.024059226572
-181.072005075342,0.791790049687264,-160.144622927612,-179.548484174785,-0.597912316965018,162.303269896166,180.880468452829,-3.87799434118169,-151.202681847436,179.110022128038,-1.36446239575698,156.396184998372,185.9079520722,-3.04352794008943,-151.602380188836,182.330785764235,-2.7473220143221,156.027325220601
-181.070130017344,0.800161760818954,-160.144741747941,-179.55058982453,-0.606767805487002,162.302459641329,180.879945038389,-3.89492828223788,-151.176222909157,179.111450907221,-1.36752018869179,156.40369112653,185.908826107871,-3.05399449732815,-151.575248873491,182.329160846771,-2.76121300416834,156.033255570936
-181.068534697138,0.809837858274618,-160.145192721901,-179.552395647845,-0.614222704569261,162.301692822949,180.884491911833,-3.90862687037325,-151.150497536855,179.113541073455,-1.37009021920945,156.411424544001,185.905063706222,-3.06563392725002,-151.54877569552,182.326663136889,-2.77645150326095,156.040927816459
-181.067200620712,0.820778890487606,-160.145937032194,-179.553754557855,-0.620354332039109,162.3010285897,180.894513227266,-3.91814842886323,-151.126029251275,179.116195405464,-1.37224072828219,156.418027164507,185.896744991744,-3.07844660976713,-151.523662413113,182.323637947922,-2.79272812087874,156.049191691389
-181.066105089895,0.832738394857885,-160.146927770568,-179.554577278159,-0.625172308118621,162.300533235889,180.910252727987,-3.92306653814882,-151.104288922677,179.119356713697,-1.37399429936392,156.422216455586,185.884110742108,-3.09231599702821,-151.501273095088,182.320467380618,-2.80972798679104,156.056738773072
-181.065199411534,0.845329007294928,-160.148141676273,-179.554839704386,-0.628653339612877,162.300262246904,180.931788699967,-3.92343419459072,-151.087558788533,179.123033042017,-1.37544564433983,156.42280953976,185.867530917154,-3.10704592589136,-151.483485149876,182.317527993888,-2.82710715816334,156.062267160859
-181.064392772614,0.858106764040652,-160.149565684426,-179.554558459674,-0.630758690598852,162.300242268511,180.958987986386,-3.91967755313873,-151.078384414698,179.127211796813,-1.37689888525526,156.418735349634,185.847430376195,-3.1222855279248,-151.472241223984,182.315136729986,-2.84454372411166,156.064633666852
-181.063565045667,0.870683698577121,-160.151168352832,-179.553771696898,-0.631467107307631,162.300481498256,180.99151683769,-3.91243149669427,-151.078881586119,179.131750138248,-1.37891434381483,156.409105309415,185.824219543614,-3.1375534116829,-151.469187590083,182.313512219824,-2.86174630492786,156.062943180589
-181.062591933689,0.882754903819984,-160.152900933215,-179.55251484733,-0.630833398640897,162.3009920274,181.028871423459,-3.90231338721355,-151.090113794668,179.136365502293,-1.38211034242303,156.393266910701,185.798240700719,-3.15249887600429,-151.475411965532,182.312795264907,-2.8784373626888,156.056524874299
-181.061335375328,0.893956020018685,-160.15472393946,-179.550796988621,-0.628944835728822,162.301784040426,181.070317715316,-3.88984987027785,-151.111812876001,179.140713813637,-1.38692863633737,156.370818218728,185.76982710677,-3.16696958791009,-151.491246731066,182.313071985522,-2.89439211051875,156.044899375611
-181.059631461135,0.903803614773608,-160.156604662875,-179.548611177834,-0.625858682436681,162.302866359099,181.114875575693,-3.87565290098117,-151.142577801176,179.14449937547,-1.39362950331015,156.341595790702,185.739403260308,-3.18088793897219,-151.516245019557,182.314348181198,-2.90939630857681,156.027788105613
-181.057316289458,0.911808851835959,-160.15850389587,-179.545932898578,-0.621599727934405,162.30425594452,181.161455121921,-3.86048906934278,-151.1803683108,179.147596902328,-1.40242601433484,156.305645086416,185.707441964728,-3.19422558521632,-151.549477582209,182.316534897949,-2.92327407296651,156.005059996579
-181.054260290325,0.917621506693348,-160.160385802525,-179.542729712788,-0.616204935332579,162.305951707058,181.209020080841,-3.84512966061668,-151.223042764075,179.150108805454,-1.41355314892379,156.263237633125,185.674383345556,-3.20711293528297,-151.589902441791,182.319470653999,-2.93602949730029,155.976767337883
-181.050387822558,0.92112614141655,-160.162239259269,-179.538998174199,-0.609790055167751,162.307919442608,181.256721038571,-3.83025242212875,-151.268647734203,179.152276996316,-1.42726407510663,156.214899700561,185.640582947409,-3.21979070197311,-151.636388250767,182.322916027759,-2.94787759774318,155.943284007829
-181.045666823293,0.922427415676743,-160.164082510919,-179.534757316127,-0.602532721070202,162.310119369274,181.303979293126,-3.81639103314829,-151.315444270929,179.154322466067,-1.44382202600501,156.1614262175,185.606209029699,-3.23244727243214,-151.687570258252,182.326556686033,-2.9592336399883,155.905369484245
-181.040104342333,0.92178111010866,-160.165927272275,-179.530013646131,-0.594579809269273,162.312509238741,181.350485939055,-3.80384268804831,-151.361919650334,179.156360770305,-1.46337788643767,156.103896981654,185.571168446409,-3.24519368060119,-151.741964243922,182.329998729935,-2.97065978653487,155.864189363586
-181.033775081652,0.919557013978779,-160.167765861407,-179.524758012918,-0.585998145263766,162.315037290488,181.396149132714,-3.79268399320414,-151.406866015872,179.158426320262,-1.48575197610374,156.043611828368,185.535123916344,-3.25815649847312,-151.798225656347,182.33274074056,-2.98270442013518,155.821216521035
-181.026817657797,0.916183696651564,-160.169589675699,-179.519008448983,-0.576800909204813,162.31765542939,181.441035854169,-3.78284998838597,-151.449490523058,179.160528915297,-1.51033758831915,155.981919238184,185.497616806236,-3.27150364065974,-151.855220292095,182.334215663089,-2.9957328073212,155.777922845716
-181.01940059865,0.912091570946518,-160.171389077878,-179.512862019293,-0.567010688443932,162.320314732402,181.485331029481,-3.77413655917593,-151.489465715753,179.162679477432,-1.53623150082659,155.920066792152,185.458245260295,-3.28536627652185,-151.911957038074,182.333900352441,-3.00975124385845,155.735446554979
-181.011714467176,0.907729189003416,-160.173149731829,-179.506477772633,-0.556708715523824,162.322957302815,181.529267210683,-3.7661715888601,-151.526785585043,179.164886294454,-1.56256589039403,155.859103965989,185.416703676635,-3.29985163112195,-151.967537356503,182.331384663396,-3.02441445130526,155.694413729438
-181.00396999441,0.90354605759377,-160.174844698112,-179.500028568021,-0.546051790463663,162.325519868181,181.573011280997,-3.75845896865948,-151.561547144907,179.167150093702,-1.58878205962688,155.799742129295,185.372745992963,-3.31515295615302,-152.021090039708,182.326362917588,-3.03931173542552,155.654958567007
-180.996391289167,0.899924311322616,-160.176441903742,-179.493721023644,-0.535312010615057,162.327927040426,181.616610114922,-3.7505352181002,-151.593882808822,179.169406820117,-1.61462455704593,155.742325256668,185.326224945931,-3.33158897321747,-152.071755388705,182.318658204464,-3.05418927599307,155.616912517289
-180.98920219884,0.897169298229655,-160.177929529998,-179.487794609035,-0.524913334991211,162.33009579223,181.659959931901,-3.7421266535029,-151.624028200338,179.171417587823,-1.64003783360041,155.687053221896,185.277105032838,-3.34954448719111,-152.118755772186,182.308295682275,-3.06899749646254,155.580001102443
-180.982586629123,0.895488496141538,-160.179311139578,-179.482463132376,-0.515321384112973,162.331963796591,181.702761114018,-3.73317127548336,-151.652397726722,179.172767943642,-1.66511428978254,155.634229087074,185.225452695903,-3.36940278156246,-152.161410696446,182.295487838569,-3.08380176135834,155.543973892446
-180.976667510742,0.894949464239691,-160.180596370984,-179.477876291663,-0.506854876428916,162.333502095141,181.744603060217,-3.72375927358836,-151.679625566644,179.172970172875,-1.68994586978096,155.584332712219,185.171457845913,-3.39145703997248,-152.199136616083,182.280513306746,-3.09867397010149,155.508772980624
-180.971521683301,0.895515139056201,-160.181804073887,-179.474102123224,-0.499631557449344,162.334718349851,181.785123377539,-3.7140584500168,-151.706579946307,179.171553056641,-1.71442069275969,155.537938083901,185.115402914482,-3.41588804895785,-152.231606865601,182.263638010706,-3.11376955162946,155.474615889431
-180.967197838069,0.897112827706676,-160.182955631373,-179.471129837783,-0.493610380416083,162.335648113165,181.824125054446,-3.70421367129696,-151.734245311138,179.168182135493,-1.73821908143511,155.495530151366,185.057585245518,-3.44281557118902,-152.258949129778,182.245123308621,-3.12938155246695,155.441759103312
-180.963721514412,0.899650745271294,-160.184055014498,-179.468902171867,-0.488693591939398,162.336323186428,181.861668805843,-3.69421168862868,-151.763397276301,179.162773995854,-1.76105197118585,155.457283741265,184.99823429149,-3.47231613919971,-152.281726049378,182.225218330951,-3.14587729988993,155.41006190561
-180.961094679582,0.903011661699237,-160.185078433673,-179.467333098039,-0.484828923830321,162.336761320193,181.898045075497,-3.68375494105557,-151.79427334549,179.155509145465,-1.78289497128447,155.422909342189,184.937454617686,-3.50443294309803,-152.300753662951,182.204163399477,-3.16384624946625,155.378684403726
-180.959291635448,0.907057271521806,-160.18598151397,-179.466313004559,-0.482006278076816,162.33697357428,181.933611247831,-3.6723662683666,-151.826461119474,179.146736860368,-1.80404383589059,155.391605833512,184.875238961326,-3.53923630635307,-152.316949413766,182.182213402742,-3.18429602349489,155.346200207661
-180.958247733209,0.911570891947926,-160.186704380041,-179.465735791291,-0.480298686168421,162.336951002221,181.968574778285,-3.65970357092928,-151.859070721989,179.13682876344,-1.82509897978579,155.362077285196,184.811545410732,-3.5768229482581,-152.33130823066,182.159623395752,-3.20864565819909,155.310846517864
-180.95786621062,0.916187739549998,-160.187189630366,-179.465515427762,-0.479915367588666,162.336668910258,182.002795768798,-3.64578697194158,-151.891295542241,179.1261141547,-1.84690108564925,155.332574855195,184.746479743197,-3.61720200177037,-152.345094109929,182.136737653475,-3.23853079622391,155.270483738571
-180.958029357087,0.920435722161177,-160.187402226885,-179.465574421978,-0.481150770045612,162.336114910858,182.035763494891,-3.63105700532887,-151.923084005541,179.11489436664,-1.87041025106983,155.301095466308,184.680489491692,-3.65999645196701,-152.360143870647,182.114098113122,-3.27526210194931,155.222705531925
-180.958593232413,0.923877658927037,-160.187336482922,-179.465852879035,-0.484270925393129,162.335287256252,182.066746641578,-3.6163103119019,-151.955324782622,179.103382842901,-1.89642778131292,155.26596867697,184.614328889142,-3.70426664924358,-152.3787402929,182.092263840528,-3.31922570235561,155.16559751942
-180.959393179284,0.92627654599358,-160.187021468397,-179.466348838014,-0.489400576329236,162.334188738308,182.094978403535,-3.60246383317272,-151.989403913136,179.091644133271,-1.92522993088769,155.226522444011,184.548818145229,-3.7489284249706,-152.40278757868,182.071571544887,-3.3695291884453,155.098738180298
-180.960253629701,0.927633106784152,-160.186527344974,-179.467105542912,-0.496518557828961,162.332835216346,182.119828902389,-3.59023503627029,-152.026405309841,179.079658698938,-1.95657854988756,155.183306937207,184.484619865472,-3.79299515307257,-152.432954631579,182.052149578123,-3.42434250877535,155.023443939382
-180.961005570229,0.928112294529154,-160.185957944903,-179.468176002279,-0.505494123604712,162.331256754597,182.140939038903,-3.5800019145303,-152.066442480527,179.067400457594,-1.98995226347133,155.137882016493,184.422132083044,-3.83547799911458,-152.46848552855,182.033993804391,-3.48177312936865,154.942021519663
-180.961537166293,0.928013009370569,-160.185416388972,-179.469604541996,-0.516098374445664,162.329502937674,182.158311604912,-3.57182634892508,-152.10857324064,179.054836550399,-2.02457841550351,155.092373934807,184.361463270792,-3.8755985245604,-152.507634081199,182.016912336155,-3.54026899636187,154.857065255123
-180.961812360522,0.927746277221032,-160.184988242627,-179.471356795812,-0.527992350640259,162.327651224045,182.172369033906,-3.56557402260345,-152.15122262795,179.04189923636,-2.05949610163762,155.04897607353,184.302450161559,-3.91296890960337,-152.548296470057,182.000481913523,-3.598845938581,154.771233492673
-180.961840322639,0.927740597777629,-160.184746695309,-179.473272552529,-0.540651354733762,162.325803704097,182.18386495526,-3.5611263662268,-152.192760207197,179.028552592928,-2.09381306808694,155.009480873174,184.244731073554,-3.94745909969074,-152.588462282832,181.984178188677,-3.65738646332711,154.686887897907
-180.961640801274,0.928325035802072,-160.184746806685,-179.475133088509,-0.553333055351205,162.324064812002,182.193652911752,-3.5584867579521,-152.231911601029,179.014925599543,-2.12690580449425,154.974910528213,184.187826775262,-3.97902398424042,-152.626456151798,181.967538416426,-3.71631742616146,154.605668377161
-180.961208441698,0.929689343865841,-160.185022419609,-179.476744068972,-0.565195638167132,162.322513548927,182.202451824245,-3.55769088914472,-152.267807706402,179.001316785034,-2.15838935528848,154.945457208957,184.131131886419,-4.00766084352655,-152.661115823963,181.950149348163,-3.77587730534087,154.528589190665
-180.960481604386,0.931845273275363,-160.185588932225,-179.47796885308,-0.575485502967392,162.321191624086,182.210663754599,-3.55867241166567,-152.299825236352,178.988030379619,-2.1879213205533,154.920726490826,184.073929229237,-4.03339265875407,-152.691880876177,181.931594255611,-3.83584863826206,154.45647526368
-180.959342077724,0.934579490364261,-160.186450359194,-179.478752317305,-0.583630044595864,162.320091326353,182.218347831915,-3.56128147091946,-152.327500556623,178.975205795221,-2.21516603094963,154.900080360298,184.015500682051,-4.05627634556487,-152.718808098339,181.911544562298,-3.8957755891131,154.390243496146
-180.957649432538,0.9375267287989,-160.187602149782,-179.479103398662,-0.589221522496581,162.31916729509,182.225385529271,-3.56541975691645,-152.350598131916,178.962744526501,-2.24004188049462,154.882912588457,183.955163064016,-4.07645377596886,-152.742544332734,181.889831766114,-3.95511769858915,154.330943596177
-180.955279688748,0.94031595745459,-160.189025627221,-179.479056137324,-0.592035424896159,162.318379218272,182.23167193361,-3.57113061501714,-152.369211887681,178.950266512463,-2.2628593600589,154.868740756837,183.892232615645,-4.09410685103798,-152.764143765765,181.866444756737,-4.01326087498423,154.279653166784
-180.952154905979,0.942702371425201,-160.190679772394,-179.478654194772,-0.592072058192541,162.317714673894,182.237204260858,-3.57860498976696,-152.383747978762,178.937123959785,-2.28412433068286,154.857224653459,183.826070132568,-4.10939226901262,-152.784782895845,181.841519743337,-4.0695825838546,154.237336528266
-180.948254105721,0.944653452303201,-160.192514221951,-179.477923375256,-0.589489892968683,162.317169038932,182.242069813919,-3.58816477646569,-152.394725537494,178.92253564684,-2.30427535314247,154.848144060625,183.756182768117,-4.122385789496,-152.805519412043,181.815325029467,-4.12350151045318,154.204715027409
-180.943638220418,0.94638861485551,-160.194479198902,-179.476851593578,-0.584506014336261,162.316730251432,182.246358329575,-3.60018747255942,-152.40253821666,178.905791443663,-2.32362654959574,154.841230120934,183.682285644283,-4.13309782724025,-152.826962041638,181.788256565136,-4.17447390921588,154.182072259536
-180.938466141919,0.948337628629832,-160.196508520471,-179.475422140935,-0.577389875162027,162.316404277147,182.250002723883,-3.61495772112947,-152.407332271511,178.886454802905,-2.34247576721407,154.83603570811,183.604370682166,-4.14176432979315,-152.848871966353,181.760771232629,-4.22195246915323,154.169109486921
-180.932947238267,0.951008579137528,-160.198547740875,-179.473676503617,-0.568481183865485,162.316210366438,182.252695259295,-3.63259968090467,-152.409017380156,178.864477968627,-2.36121250491007,154.832039546741,183.522851097706,-4.14909923860573,-152.870095241528,181.733296728854,-4.26534385098338,154.165058939643
-180.927285348946,0.954868489262282,-160.200593874768,-179.471718555568,-0.558167537544738,162.31614912794,182.253989948739,-3.65303148999515,-152.407388166898,178.840205835854,-2.38026365109519,154.828978661618,183.438572203872,-4.15612521297103,-152.889004176295,181.706159784526,-4.30416043099476,154.169062201807
-180.92165563879,0.96026198201849,-160.202682153588,-179.46967216407,-0.546861102247173,162.316206851389,182.253409178862,-3.67590672936563,-152.402287131385,178.814292742853,-2.39995173267894,154.82724244978,183.352584287026,-4.1638888688125,-152.90406794507,181.679477181149,-4.33815302089006,154.180573382028
-180.916201484615,0.967357851187852,-160.204865436955,-179.467657433579,-0.534984139286488,162.316359236945,182.250484416442,-3.70069206131964,-152.393727815121,178.787555093922,-2.42041529454832,154.827849904242,183.265922867525,-4.17331213290093,-152.914186704144,181.65312053842,-4.36723514495097,154.199361458515
-180.911051250724,0.976142150516579,-160.207193726543,-179.465779120649,-0.522944375513099,162.316579373447,182.244812031225,-3.72680515622537,-152.381928731911,178.760780070801,-2.44156502184794,154.831867605474,183.179490098595,-4.18505804760515,-152.91882671289,181.626868358628,-4.39139882817889,154.22507112218
-180.906336378649,0.986480049225399,-160.209704271287,-179.464109156338,-0.511117387409589,162.316862699705,182.236204784327,-3.75370130824399,-152.367361270337,178.73452335112,-2.4632193672734,154.839750457824,183.094004878957,-4.19948241540559,-152.91797621708,181.600585135497,-4.41075781030181,154.256744860014
-180.902201492235,0.998223034561237,-160.212434033043,-179.462677658819,-0.499840777946574,162.317212557046,182.224942872685,-3.78088382472385,-152.350885494118,178.709014332045,-2.48540945368572,154.851014674901,183.009956422433,-4.21660480313932,-152.9120299329,181.574273686355,-4.425636469201,154.292666363065
-180.89881647336,1.01131151556413,-160.215415411816,-179.461466614265,-0.489402016763893,162.317628968209,182.211889857648,-3.80781798275025,-152.33377661685,178.684241252868,-2.50839046770934,154.864346648037,182.927530660783,-4.23609945854919,-152.901845572907,181.548081293048,-4.436489848742,154.330645120354
-180.896340841378,1.02584287354082,-160.218677654694,-179.460393222306,-0.480009750528138,162.31812849446,182.198414256019,-3.83386069548198,-152.317500069548,178.660105149455,-2.53231628774641,154.878022661442,182.846628536657,-4.25759712189693,-152.888748848759,181.522297874037,-4.44380959563576,154.368469732462
-180.894877141871,1.04199421056398,-160.222246134185,-179.459314348568,-0.471754593014312,162.318759907952,182.186244683808,-3.85828002427719,-152.303477915291,178.63654670466,-2.5570702740393,154.890343900795,182.766970286334,-4.28083690496143,-152.874308212208,181.497284574732,-4.44821122830512,154.404227943447
-180.894499905549,1.0599224735641,-160.226117851636,-179.45803988047,-0.464590131515403,162.319595570483,182.177236218781,-3.8802505354922,-152.293052962794,178.613639849674,-2.58237752499222,154.899798747546,182.688200807806,-4.30541216098942,-152.860232870389,181.473354789037,-4.4504257850116,154.436353046413
-180.895284801008,1.0798035814352,-160.230240605519,-179.45635347655,-0.458369296345854,162.320699377958,182.173106597555,-3.89881466656193,-152.287543544301,178.591664961424,-2.60803157886979,154.90492781682,182.609956096203,-4.33080740610493,-152.848339284033,181.450677341444,-4.45131244136202,154.4633804778
-180.897278246374,1.10177490405667,-160.234520698097,-179.454045071037,-0.452915138487929,162.322117734715,182.175239833077,-3.91302870412471,-152.28822957433,178.571114740864,-2.63399872047817,154.904222280478,182.531900963607,-4.35661747671631,-152.84039633994,181.429249234402,-4.45195201865614,154.483879947509
-180.90044975871,1.12578221520858,-160.238833135523,-179.450948897659,-0.448053620956312,162.323876561024,182.184507258693,-3.92224270624715,-152.2962815841,178.552594650324,-2.66032733353005,154.896300396739,182.453822136121,-4.38251828232427,-152.838055920311,181.408915251785,-4.4533725267038,154.496760114939
-180.904661152579,1.15151278130617,-160.242978672122,-179.446975159572,-0.443604691009124,162.325965099778,182.201142801169,-3.92620819489295,-152.312717018606,178.536689643657,-2.68704730407731,154.880190665142,182.375701537992,-4.40818260173281,-152.842830082402,181.38937190386,-4.45619869975648,154.50152815306
-180.909694397384,1.17840056093853,-160.246696148279,-179.442109901504,-0.439389584578664,162.328345596114,182.224771832137,-3.92497572695143,-152.338298665453,178.52389353255,-2.71406482847066,154.855383165575,182.297682209672,-4.43329110370602,-152.855972437937,181.370182044587,-4.46066239903596,154.498299698478
-180.91530183092,1.20570791459839,-160.24978051814,-179.436389215487,-0.435254966516467,162.330975453001,182.254568793152,-3.91883520788067,-152.373359662107,178.514603219242,-2.7412050633169,154.821680475452,182.220017678712,-4.45763113915636,-152.878259209765,181.350856183586,-4.46677915895951,154.487549904756
-180.921223799821,1.23261580581544,-160.252162486945,-179.429877022557,-0.431064790117839,162.333819149193,182.289430380742,-3.9084068423992,-152.417665504413,178.509074138607,-2.76841142020461,154.779177510465,182.143051060428,-4.48114065204187,-152.909695050064,181.330955302008,-4.4745406445525,154.469781862026
-180.927210762156,1.25827156163778,-160.253878069839,-179.422690374704,-0.426761272446862,162.336832998196,182.328094224137,-3.89466558606538,-152.470407020801,178.507359360208,-2.79575207670904,154.728396274221,182.067218028828,-4.50382550322215,-152.949428253256,181.310126411041,-4.48402004974933,154.445435388671
-180.933056359243,1.2818219453992,-160.254995007329,-179.415021403498,-0.422468823125007,162.339934341187,182.369223929022,-3.87878757861516,-152.53033087696,178.509244078924,-2.82328010475524,154.670482484466,181.99307145307,-4.52565634904491,-152.996027969433,181.288067163735,-4.49523260576198,154.415116153747
-180.938597629325,1.30249230778828,-160.255585295099,-179.407080093847,-0.418451323871676,162.343027203643,182.41152189637,-3.8619547691918,-152.595884050799,178.514215751278,-2.85095722115497,154.607270155654,181.921288638588,-4.54655168778278,-153.047897837605,181.264534993549,-4.50810771292213,154.379878629992
-180.943695790817,1.31967819766742,-160.255723365471,-179.39904107957,-0.415047074516011,162.346036716958,182.453852633325,-3.84522795979334,-152.665343683858,178.521544249091,-2.87866465558341,154.540972195701,181.852602575351,-4.56643516501573,-153.103610569599,181.239425359255,-4.52275394864649,154.341091378054
-180.948234733399,1.33297176387424,-160.255465237689,-179.391018089796,-0.412586986154915,162.348911752174,182.495321395328,-3.82941062193262,-152.736976714183,178.530422729885,-2.90628491460268,154.473613804471,181.787687400933,-4.5852910428766,-153.162016133727,181.212826123762,-4.53970804164486,154.29981650675
-180.95214268031,1.34213506864598,-160.254841843956,-179.383026751282,-0.411226098485665,162.351646138568,182.535317683533,-3.81501463519224,-152.809160635582,178.540178593846,-2.93371865104617,154.406507459425,181.727097679225,-4.60316503784129,-153.222207641359,181.184990359056,-4.55979748027504,154.256357415338
-180.955393999738,1.34702070997025,-160.253886683537,-179.374996584739,-0.410879593009088,162.354283558986,182.57348032258,-3.80246963647811,-152.880454139653,178.550447366469,-2.96084407599409,154.340047015481,181.671244389207,-4.62014410713227,-153.283468157876,181.156185507356,-4.58348756035275,154.210353528363
-180.957976189641,1.34751581127256,-160.252652341502,-179.366840822017,-0.411290287823583,162.356885750106,182.609608910244,-3.7922599892255,-152.949763387143,178.561188038216,-2.98757096319446,154.273839290755,181.620337113305,-4.63631008754849,-153.345271883704,181.126517175235,-4.61061207308217,154.161039764855
-180.959891731943,1.3435993684794,-160.25120075701,-179.358577544542,-0.4121750491729,162.359487800661,182.643640785704,-3.78480706820599,-153.01655308196,178.572610240488,-3.01389109909217,154.20698399236,181.574344928931,-4.65175929939871,-153.407390666949,181.095890594127,-4.64059313722589,154.107525371345
-180.961168002848,1.33544044260037,-160.249601186871,-179.35044600171,-0.413465888756371,162.362039775858,182.675669181289,-3.78030837849373,-153.080820681886,178.585082288147,-3.03993741964713,154.138480799733,181.532993639625,-4.66672403103121,-153.469907111503,181.064164761208,-4.67256191101443,154.048931193041
-180.961841250197,1.32343207256818,-160.247932494767,-179.342888932473,-0.415379891500867,162.364398571618,182.705905257306,-3.77874179267532,-153.142726310229,178.599019942656,-3.06604134996757,154.067840014095,181.495827993479,-4.68132594754572,-153.532912838923,181.031274333736,-4.70566796799755,153.984624833351
-180.961963650237,1.3082258612813,-160.246270685962,-179.336449097357,-0.418217515471477,162.366378995319,182.734621153219,-3.77997867323016,-153.202064254248,178.614758335486,-3.09255256681802,153.995743633014,181.462289252623,-4.69527045989746,-153.595959132818,180.99706585645,-4.73916392256928,153.915219664437
-180.961612344653,1.29073375771526,-160.244683840109,-179.331753206799,-0.422353118432037,162.367754329256,182.762079984597,-3.78385892749418,-153.257912967943,178.632357724697,-3.11954598408972,153.924482645717,181.43168993207,-4.70810148445881,-153.657743580366,180.961187050087,-4.77203236456082,153.843476991902
-180.96087116566,1.27194287496331,-160.24323490634,-179.329515833803,-0.4283406660572,162.368246604618,182.788406183417,-3.79020798004782,-153.308765618237,178.651361520263,-3.14660563602029,153.857893647066,181.403235127487,-4.71956006479893,-153.716324732225,180.92336035759,-4.80298213830229,153.77410035771
